2.302725
5.093758
2.304177
2.316660
2.302729
2.300559
2.308195
2.305184
2.353082
2.404502
2.295948
2.306240
2.301599
2.309325
2.308385
2.303296
2.309275
2.307330
2.303738
2.305268
2.305511
2.302869
2.306890
2.302438
2.305485
2.308524
2.305291
2.305762
2.398495
2.307863
2.299733
2.303179
2.301417
2.304080
2.307121
2.302902
2.302177
2.562531
2.303346
2.306661
2.302606
2.303800
2.300663
2.304868
2.309311
2.300193
2.301493
2.302269
2.302672
2.302617
2.304895
2.301359
2.304597
2.298172
2.299678
2.262426
2.295472
2.287477
2.294639
2.300458
2.302675
2.302806
2.303231
2.302468
2.302783
2.303394
2.301142
2.299790
2.302602
2.301333
2.301171
2.300120
2.302473
2.296185
2.293492
2.294380
2.233454
2.306244
2.232977
2.255026
2.239549
2.245479
2.210765
2.165836
2.169327
2.227947
2.172434
2.198953
2.192948
2.137428
2.353539
2.168261
2.202234
2.228757
2.186874
2.187181
2.259461
2.234948
2.215108
2.215319
2.223740
2.173502
2.158560
2.166180
2.143407
2.143194
2.086841
2.079791
2.112583
2.074586
2.069768
2.152735
2.036700
2.044236
2.009730
2.106749
2.073176
2.093260
2.150827
1.991433
2.112994
2.101907
2.092265
2.042638
2.056282
2.047479
1.951818
2.040587
2.041625
2.035791
2.048093
2.085528
2.043220
1.993669
1.909473
1.939404
1.922458
2.012940
1.951232
1.930716
1.951421
2.010018
2.049844
2.027669
1.932795
1.956529
2.102789
1.992425
1.911812
2.006658
2.009380
1.952976
1.870667
1.917631
2.054464
1.899953
1.994403
1.859822
1.869940
1.957144
2.017846
1.912068
1.872888
1.875349
1.942577
1.859032
1.921366
1.941715
1.891838
1.907264
1.948652
1.905388
1.901726
1.963265
1.888821
1.933172
1.881474
1.921750
1.999884
1.772582
1.823363
1.855147
1.847227
1.967950
1.979149
1.890717
1.912490
1.796956
1.892363
1.853958
1.902761
1.868209
2.059008
1.928510
1.860625
1.950232
1.923263
1.924209
1.936000
1.994076
1.909453
1.876696
1.899824
1.919803
1.851802
1.922740
1.845240
1.901392
1.928007
1.777392
1.889207
1.868256
1.792585
1.858104
1.936913
1.861353
2.007343
1.874422
1.931307
1.978957
1.859389
1.893957
1.887984
1.824269
1.932348
1.852453
1.878357
1.837147
1.909611
1.871606
1.856248
1.897364
1.859380
1.785401
1.938369
1.775110
1.838071
1.791234
1.776378
1.846802
1.840514
1.795180
1.835670
1.875865
1.821184
1.819137
1.911709
1.941752
1.778754
1.927528
1.776237
1.862377
1.937281
1.715384
1.916030
1.923928
1.847660
1.892274
1.846546
1.861347
1.831289
1.840109
1.791261
1.702239
1.814349
1.908399
1.895671
1.707262
1.901322
1.975746
1.729124
1.798812
1.903885
1.778614
1.901137
1.785739
1.816505
1.821584
1.814496
1.746830
1.758861
1.835090
1.871357
1.826593
1.789736
1.824665
1.823240
1.825049
1.754921
1.808577
1.718205
1.767894
1.741010
1.763962
1.821846
1.873520
1.788859
1.739257
1.814728
1.814291
1.793508
1.822342
1.751205
1.745213
1.666833
1.870275
1.699814
1.863012
1.840415
1.813174
1.700468
1.754598
1.745124
1.768636
1.767586
1.736824
1.676251
1.739097
1.726172
1.717688
1.791235
1.944173
1.720837
1.686622
1.752865
1.704434
1.814882
1.674524
1.801113
1.592812
1.753806
1.712800
1.746251
1.685897
1.782037
1.770101
1.725780
1.769043
1.712395
1.876163
1.745836
1.717125
1.787673
1.651532
1.858762
1.777789
1.651891
1.696671
1.793662
1.533980
1.764780
1.871845
1.734088
1.746558
1.723424
1.701190
1.819515
1.664031
1.689179
1.628021
1.743454
1.883838
1.458954
1.766238
1.682195
1.551749
1.689162
1.659178
1.644953
1.669358
1.675692
1.837363
1.607796
1.541575
1.615228
1.599724
1.768108
1.708716
1.685024
1.589226
1.745979
1.515189
1.496771
1.555124
1.755892
1.581890
1.557523
1.576348
1.588816
1.642945
1.576986
1.525805
1.544355
1.732294
1.634493
1.510716
1.495988
1.567273
1.673963
1.610043
1.631839
1.669959
1.561660
1.808310
1.534786
1.611094
1.458054
1.625311
1.538072
1.650231
1.565379
1.497224
1.591379
1.559068
1.592290
1.621670
1.698856
1.514909
1.553789
1.739369
1.617705
1.500716
1.538035
1.575741
1.614781
1.660140
1.490557
1.510155
1.671840
1.531262
1.625512
1.641102
1.713662
1.648970
1.652959
1.523925
1.433278
1.714192
1.490200
1.516278
1.621152
1.423426
1.612061
1.495995
1.641120
1.512111
1.562252
1.440947
1.592357
1.618921
1.480677
1.545583
1.525035
1.694891
1.553239
1.504513
1.657424
1.673945
1.506251
1.661446
1.704439
1.510330
1.560614
1.631307
1.498576
1.357452
1.496944
1.463354
1.458064
1.522765
1.548972
1.493780
1.485053
1.594468
1.553444
1.650051
1.542685
1.681286
1.755588
1.604556
1.500008
1.505584
1.648123
1.513631
1.435175
1.544665
1.387823
1.402664
1.531953
1.408954
1.623445
1.518011
1.632049
1.360690
1.475847
1.572522
1.439212
1.645459
1.501132
1.597759
1.497173
1.403529
1.467564
1.682257
1.426518
1.472214
1.405272
1.472092
1.547201
1.355454
1.604286
1.451497
1.504014
1.605648
1.553151
1.607394
1.372650
1.569389
1.505823
1.407967
1.678820
1.552784
1.627759
1.559961
1.535671
1.380922
1.428755
1.368249
1.358417
1.468793
1.547982
1.449994
1.577970
1.519404
1.431434
1.408719
1.410094
1.569002
1.457136
1.394526
1.488351
1.294217
1.409278
1.341434
1.239191
1.290769
1.339213
1.290351
1.435439
1.494659
1.556284
1.607675
1.329567
1.369256
1.437187
1.341367
1.510054
1.576424
1.312495
1.405488
1.325319
1.621316
1.495408
1.446493
1.500858
1.624388
1.503621
1.514266
1.285006
1.543589
1.403219
1.470923
1.513588
1.384075
1.547092
1.368815
1.361369
1.237107
1.527572
1.466640
1.451206
1.499250
1.293034
1.486287
1.533742
1.417414
1.292518
1.516320
1.412210
1.418921
1.339404
1.505880
1.592788
1.343827
1.303462
1.396980
1.432875
1.508765
1.552221
1.558999
1.460384
1.485539
1.412106
1.401403
1.325112
1.475406
1.467668
1.593267
1.274233
1.242593
1.286017
1.460661
1.344318
1.367713
1.348974
1.346631
1.355958
1.542465
1.410653
1.360047
1.505197
1.418144
1.514325
1.483352
1.641110
1.525804
1.494274
1.480760
1.408394
1.523359
1.310701
1.351927
1.307017
1.410914
1.263035
1.330101
1.504300
1.318578
1.484313
1.355067
1.283372
1.222922
1.344138
1.448052
1.456235
1.418555
1.438769
1.460783
1.403548
1.324693
1.280028
1.341963
1.533433
1.383935
1.346159
1.316948
1.551895
1.246905
1.318103
1.513675
1.341603
1.330103
1.310897
1.402749
1.249978
1.458190
1.244661
1.283881
1.379708
1.521776
1.426797
1.376180
1.370257
1.446888
1.437584
1.352044
1.411436
1.278095
1.302658
1.412337
1.343628
1.365300
1.302421
1.219373
1.224673
1.318216
1.417577
1.413734
1.422907
1.576459
1.330169
1.462051
1.363598
1.580076
1.272827
1.258928
1.329265
1.456348
1.327513
1.379893
1.388214
1.294617
1.367586
1.437055
1.396940
1.231362
1.525535
1.340182
1.271662
1.389860
1.562251
1.414251
1.325347
1.191177
1.264085
1.348908
1.431475
1.256649
1.314348
1.384696
1.436298
1.287112
1.438907
1.268783
1.278878
1.223680
1.328010
1.183543
1.292646
1.225514
1.461876
1.381646
1.417706
1.205651
1.265543
1.360577
1.293151
1.383818
1.351174
1.367095
1.403817
1.259057
1.249112
1.364613
1.293623
1.436018
1.282748
1.227869
1.477751
1.275060
1.340591
1.242386
1.387988
1.196139
1.213879
1.219611
1.493312
1.411609
1.154222
1.264070
1.329668
1.474713
1.140308
1.131455
1.199931
1.340517
1.354435
1.243114
1.305151
1.267634
1.045477
1.155698
1.334792
1.309033
1.206895
1.315935
1.277295
1.317519
1.539334
1.263195
1.171673
1.358801
1.154812
1.250994
1.311333
1.144632
1.309918
1.241242
1.104910
1.193946
1.329542
1.174217
1.305101
1.359714
1.161059
1.319640
1.438881
1.116164
1.152597
1.309260
1.379845
1.232649
1.152798
0.954655
1.188305
1.228104
1.245232
1.185310
1.231600
1.254229
1.225764
1.312319
1.420477
1.242102
1.250972
1.377700
1.301918
1.289447
1.206202
1.186320
1.222345
1.360311
1.345979
1.092973
1.144020
1.136292
1.209582
1.273018
1.359141
1.343726
1.472286
1.239890
1.506699
1.176001
1.271577
1.184159
1.263927
1.254156
1.195156
1.156399
1.151647
1.181118
1.201925
1.272632
1.177101
1.332298
1.178186
1.150802
1.227619
1.366215
1.210042
1.173112
1.291388
1.172193
1.176308
1.250214
1.295849
1.107867
1.262794
1.257878
1.222577
1.121973
1.165641
1.286165
1.201742
1.427665
1.177138
1.147108
1.333993
1.280540
1.424169
1.116819
1.108895
1.107727
1.179662
1.145163
1.155863
1.077201
1.298831
1.282078
1.235495
1.206783
1.361154
1.337688
1.130864
1.218297
1.328232
1.202566
1.454613
1.189423
1.198762
1.241567
1.311981
1.219363
1.300194
1.313535
1.090886
1.114424
1.023390
1.356450
1.119640
1.027410
1.142793
1.268077
1.140630
1.038469
1.191015
1.272828
1.160756
1.295331
1.230469
1.035472
1.375593
1.085763
1.311276
1.314431
1.175385
1.180601
1.281799
0.994801
1.336443
1.300856
1.234684
1.138215
1.038125
1.279187
1.199672
1.092188
1.179770
1.299639
1.225290
1.153614
1.124725
1.115939
1.110629
1.114389
1.172512
1.119770
1.090441
1.242310
1.119468
1.075295
1.158350
1.212878
1.204652
1.365170
1.115163
1.305864
1.287944
1.014056
1.328211
1.130276
1.196219
1.113065
1.191147
1.228542
1.147047
1.210129
1.324325
1.140400
1.138228
1.205244
1.176099
1.255006
1.072834
1.134585
1.243296
1.058720
1.164774
1.137759
1.039412
1.304437
1.078582
1.185971
1.258137
1.068252
1.178068
1.222050
1.146422
1.008799
1.255894
1.203017
1.155124
1.057763
1.231904
1.062382
1.183561
1.180108
1.137739
1.026314
1.163662
1.085778
1.082449
1.006648
1.301074
1.159400
1.169962
1.286419
1.332784
1.086255
1.263752
1.258760
1.274230
1.131842
1.299491
1.117852
1.186231
1.163040
1.432077
1.155333
1.104448
0.981067
1.208564
1.266177
1.128298
1.035627
1.173170
1.249007
1.287123
1.173404
1.092521
1.099857
1.068745
1.011931
1.350386
1.093553
1.082898
1.135214
1.064496
1.061351
1.072822
1.255242
1.144328
1.139174
1.022598
1.247537
1.309410
1.118053
1.085633
1.116736
1.139258
1.030284
1.241974
1.105161
1.148965
1.224653
1.026934
1.081342
1.198209
1.100256
1.058004
1.138007
1.137129
1.068207
1.067302
1.065406
1.386588
1.147682
1.177744
1.256597
1.201777
0.995924
1.152220
0.982932
1.095285
1.202054
1.117712
1.028123
1.216999
1.188477
1.140473
1.140887
1.227577
1.093183
1.129821
1.000391
1.219546
1.149861
1.192862
1.292859
1.210431
1.298834
1.125160
1.091318
1.270320
1.135127
1.199109
1.046314
1.091849
1.091086
1.071822
1.042242
1.277277
1.050440
1.023134
1.270101
1.204830
1.233064
1.111175
1.202390
1.049609
1.185308
1.029488
1.196937
0.948209
1.103616
1.082321
0.942839
1.115795
1.002075
0.994902
0.978486
1.006668
1.012771
1.071574
1.031363
1.021759
1.087685
1.298530
1.104472
1.084852
1.204094
0.989968
1.107900
1.057503
1.136481
1.138947
1.099957
1.154708
1.007378
1.136524
1.244054
1.127287
1.028963
0.959659
1.148627
1.108895
1.206048
0.890969
1.065231
1.364576
0.904102
1.121298
1.158441
1.070993
1.041332
0.988935
1.091511
1.195945
1.091480
1.099072
1.094216
1.131644
1.189824
1.260828
1.057213
1.116251
0.994743
1.061967
0.982288
1.073737
1.136425
1.009977
0.952111
0.973976
1.013946
1.206216
1.087922
1.000507
1.071453
1.117768
1.180367
1.153124
1.046133
0.941684
1.047750
1.164517
1.051569
0.951081
1.028846
1.087845
1.084669
1.053304
0.963797
1.015550
1.110416
0.887519
0.937449
1.019693
1.083646
1.016667
1.027560
1.070136
1.155339
0.995114
1.002546
1.107611
1.182247
1.210878
1.017265
1.083686
0.936223
0.982718
1.016469
1.027188
0.948723
1.033330
1.163843
1.083546
1.089219
1.067554
1.025998
1.226651
1.058808
1.072002
1.114031
1.080557
1.088851
0.980754
0.989982
1.212709
1.016545
0.969879
0.902583
0.991811
0.910182
0.985910
1.004928
1.094850
0.933289
0.992965
1.046203
0.878045
1.118937
1.212462
0.993794
1.080330
1.154695
0.842377
0.965130
1.116776
1.012530
1.122812
1.019629
1.013199
1.029291
1.197138
0.944352
0.909556
1.037986
1.067052
0.907165
1.075843
0.824439
0.850676
0.828694
0.905928
0.977737
0.965727
0.959022
0.940988
1.077175
1.189127
1.127737
1.085684
1.013853
0.817247
0.983568
1.033090
0.995596
1.059463
1.048567
1.043343
1.074438
1.076923
0.952929
1.138322
0.889533
1.120321
0.887909
0.924860
1.203804
1.109988
1.026002
0.982124
0.890001
1.000652
1.130504
1.025243
1.043309
1.098568
0.871509
0.969098
1.136723
0.968727
0.837641
0.901028
1.104962
1.096946
0.937455
1.070173
0.934870
1.052498
1.111118
0.962119
1.132064
1.175593
1.148952
0.971538
0.878152
1.079265
1.130247
1.135518
1.027558
0.977315
0.950252
1.008360
1.035865
1.068486
1.101081
0.998195
0.959258
0.981327
1.191588
1.133078
0.912712
1.166642
0.913942
0.974966
1.239735
1.029961
1.118403
1.018811
0.989097
1.016124
1.003571
0.992653
0.924480
0.968169
1.026327
1.103681
0.956212
0.943822
0.834641
0.962344
1.023467
1.118326
0.817658
1.013839
0.995702
0.931163
1.133831
1.009535
0.878345
1.058530
1.050286
0.828322
1.091586
1.027096
1.001948
1.030511
0.843072
1.037082
1.032503
0.852500
0.884137
1.035437
1.082142
1.096096
1.013704
1.251548
1.262289
1.224990
1.139151
0.972891
1.041277
0.974548
0.928908
1.018831
0.908667
0.798182
0.962091
0.912333
0.985902
0.941337
1.206472
0.980242
1.019217
0.825075
1.050047
1.050971
0.827561
1.007827
0.991165
0.926649
0.843914
0.994036
1.012074
0.879365
1.145241
1.114063
1.049070
0.950974
1.193048
1.057165
0.791702
0.933978
0.975069
1.008623
0.892487
1.047039
1.115994
0.988743
1.070039
0.980165
1.030730
1.079101
1.156536
1.046672
1.030447
1.092531
1.230912
0.953064
0.898703
1.068504
0.990076
1.008128
0.948828
0.907314
0.780236
1.039854
0.858447
1.043484
0.855450
0.986388
0.874967
1.021264
1.099641
0.961113
0.962390
1.109689
0.855909
0.899209
0.939709
1.123538
1.106907
1.010028
1.015056
0.993186
0.847581
1.068272
0.869656
0.974250
1.018859
1.080496
1.001797
1.042232
0.914050
0.932101
0.966868
1.070554
0.954070
0.905671
1.136534
0.989272
1.012154
1.064085
0.988725
0.993693
1.013629
0.804827
1.031479
0.898381
1.000814
1.097480
1.003631
0.924882
1.198956
0.924179
1.046474
1.042768
0.972244
1.096480
1.046859
1.067468
1.028416
1.210866
1.007851
0.980452
1.084905
0.873495
1.091989
0.953543
0.934053
0.854856
1.015170
1.082818
1.012572
0.938841
0.975617
1.002415
1.042339
0.832406
1.063092
0.888146
1.106476
0.840110
0.969333
0.867660
1.107504
1.178552
1.037355
1.038250
0.999439
0.905924
0.968574
0.973604
1.000831
0.962250
1.028279
1.162804
1.066070
0.937950
0.897062
1.151948
0.832778
1.047392
0.877678
0.862545
0.919841
0.915713
0.855848
0.956432
0.988363
0.998944
0.862577
0.990543
0.845078
0.820796
1.132278
0.817398
1.115966
1.076455
0.818049
0.979769
0.802159
1.003189
0.964401
1.061555
1.109840
0.943766
1.004930
1.045491
1.041298
0.921827
0.913893
0.968816
0.976294
1.173316
0.980309
0.989955
0.835411
0.984578
0.892252
1.005745
0.989159
0.973761
0.953819
0.729914
0.907523
0.799278
0.898849
0.946326
0.816826
0.913293
0.741609
0.916107
0.954217
1.037811
0.886297
0.908426
0.780965
1.014357
0.816661
1.024997
0.714975
0.970320
0.850981
0.924667
0.860923
0.861141
1.129313
0.914113
0.891761
0.944704
0.860652
0.876915
1.001783
1.036401
0.884366
0.821571
0.852783
0.893233
1.097288
0.957237
1.007101
0.812611
0.905947
0.912593
0.872869
0.830276
0.911034
0.986188
0.836719
0.782799
0.957496
0.859906
0.960047
0.881558
0.962570
1.011552
0.741852
0.794477
0.950175
0.830707
1.032688
0.739938
0.888538
0.886534
1.013907
0.965164
0.893889
0.893465
0.955724
0.854678
0.809520
1.047600
0.942632
0.958605
0.869308
0.903220
0.896081
1.000836
0.776740
0.721879
0.693033
1.016734
0.924622
0.972478
0.981712
0.914917
0.843791
0.890988
0.784013
0.961343
0.755653
0.770183
0.966781
1.003263
0.834324
0.849816
0.765674
0.908182
0.841336
0.976513
0.889395
0.981504
0.938146
1.015563
0.960352
0.890445
1.030089
0.767174
0.924154
0.743254
0.888370
0.799906
1.080560
0.929995
0.916756
0.941220
0.784659
0.836505
0.831420
0.749616
0.859349
0.980408
0.841490
0.886995
0.866065
0.867260
0.916716
0.828762
0.867356
0.877336
0.858491
0.828723
0.899662
0.875417
0.977834
0.869310
0.827404
0.750768
0.772540
0.814462
1.016585
0.960126
0.707638
0.763838
0.837987
0.893843
0.748607
0.837906
0.801552
0.959222
0.717585
0.914685
0.847946
0.983062
0.699005
0.982697
0.833952
0.718639
0.731731
0.852411
0.874585
0.773962
0.899955
0.948854
0.897990
1.054775
0.914582
0.859674
1.121719
0.888970
0.888311
0.767042
0.884025
0.878704
0.966446
0.960279
0.965259
1.025591
0.986416
0.826638
0.955429
0.949892
0.959872
0.834114
0.742428
0.815128
0.912498
0.867260
0.781235
0.756744
0.812015
0.928262
1.078346
1.025082
0.835053
0.847845
0.747450
0.907378
0.899859
0.958534
0.833634
0.917321
0.968784
0.833087
0.897495
0.893810
0.813549
0.893753
0.957000
0.847257
0.796703
0.951216
0.849289
0.934119
1.049697
0.972866
0.872824
0.910795
0.858733
0.819972
1.001609
0.800894
0.924502
0.750015
0.970396
0.711950
0.785904
0.790320
0.690654
0.994681
0.816591
0.825971
0.860105
0.887497
0.913052
0.896222
0.893687
0.840070
0.886955
1.025172
0.918305
0.771000
0.899961
0.881636
0.938751
0.841079
0.961801
0.732515
1.004037
0.976034
0.894576
0.790647
0.743432
0.882837
0.943366
0.771775
0.879714
0.732059
0.916671
0.846396
0.794160
0.874359
0.720756
0.945642
0.912354
0.963429
0.940302
0.906491
0.992471
0.853308
0.765478
0.878684
0.861457
0.895135
0.909800
1.066977
0.960235
1.215020
0.912971
0.863655
0.762862
0.893344
0.797681
0.765105
0.853706
0.855963
0.916363
0.821261
0.719642
1.057455
0.808779
0.749800
0.910575
0.825052
0.804342
0.883936
0.819446
0.941675
0.968387
0.871909
0.921745
1.016171
0.875993
0.725409
0.864490
0.848280
0.810501
0.734168
0.766051
1.019021
0.880079
1.119364
0.865609
0.853717
1.012055
0.823781
0.748792
0.765608
1.016313
0.974499
0.924236
0.807310
0.758911
0.994712
0.830691
0.972506
0.745535
0.910593
0.770731
0.744297
0.796380
0.783290
0.939807
0.914255
0.892948
0.752067
0.982547
0.800661
0.830273
0.892646
0.925286
0.833835
0.962286
1.089236
0.833629
0.893511
1.050216
1.135756
0.849260
1.072914
0.775501
0.863363
0.774735
0.796195
1.069564
0.779055
0.820211
1.000601
0.845240
0.990286
1.057867
0.758367
0.817919
0.883625
0.882137
0.880662
0.938281
0.913891
0.955411
0.944583
0.870172
0.768097
0.864578
0.816491
1.030908
0.947546
0.812350
0.828133
0.959740
0.850759
0.822748
1.007879
0.687849
0.838996
0.976027
0.826517
0.728955
0.769418
0.957091
1.212352
0.630918
0.875954
1.053678
0.711219
0.868461
0.735355
0.790584
0.715043
0.781821
0.725293
0.759203
0.778598
0.798159
0.710007
0.692700
0.950366
0.646872
0.666758
0.614765
0.716571
0.602989
0.838480
0.636753
0.836028
0.626010
0.745506
0.854178
0.800655
0.869776
0.836278
0.814856
0.661749
0.887172
0.758315
0.838681
0.902038
0.613902
0.710484
0.879886
0.840933
0.770062
0.928870
0.703484
0.743733
0.662078
0.813482
0.911992
0.769397
0.830598
0.796597
0.778504
0.870811
0.816605
0.715153
1.006391
0.627512
0.649115
0.733268
0.739386
0.777146
0.655434
0.614470
0.749098
0.749679
0.795503
0.763370
0.836960
0.796534
0.969702
0.870813
0.815178
0.650599
0.831423
0.535931
0.771307
0.669160
0.772411
0.664465
0.639799
0.763538
0.916717
0.769307
0.785026
0.958360
0.758408
0.876668
0.893285
1.080035
0.796378
0.649424
0.671630
0.719100
0.732960
0.794516
0.890644
0.780859
0.833022
0.691270
0.868964
0.649348
0.782201
0.746965
0.575631
0.853934
1.012002
0.706452
0.720649
0.725726
0.810672
0.800736
0.903370
0.817479
0.816692
0.673456
0.831732
0.720186
0.599285
0.821038
0.766298
0.789414
0.613160
0.828623
0.778910
0.739958
0.695736
0.755648
0.753587
0.786586
0.957437
0.834514
0.901179
0.837962
0.718807
0.766251
0.836287
0.933954
0.856964
0.834829
0.649396
0.855634
0.764394
0.852268
0.883805
0.766945
0.868967
0.839614
0.724134
0.982806
0.773646
0.865738
0.693516
0.788095
0.714705
0.744698
0.720029
0.696533
0.723043
0.799067
0.811509
0.830343
0.800283
0.776716
0.962406
0.743368
0.707065
0.665311
0.663028
0.955073
0.789362
0.692808
1.015944
0.696984
0.745417
0.816174
0.928718
0.854239
0.850981
0.713685
0.733629
0.728902
0.966212
0.745945
0.829257
0.807676
0.868313
0.770823
0.894681
0.827801
0.825456
1.026552
1.083828
0.710484
0.758381
0.809796
0.813676
0.761834
0.883768
0.756124
0.906285
0.874698
0.830719
0.901151
0.879912
0.904813
0.829059
0.753000
0.900542
0.697325
0.733056
1.046882
0.902808
0.672087
0.747354
0.952317
0.803969
1.023533
0.900108
0.746710
0.746099
0.619438
0.894343
0.743690
0.859075
0.893446
1.002655
0.806223
0.694242
0.745373
0.835404
0.720131
0.763534
0.821503
0.915295
0.788826
0.774734
0.721125
0.648141
0.662324
0.605852
0.644457
0.822076
0.954621
0.668545
0.731346
0.885698
0.666939
0.831490
0.827043
0.850006
0.609810
0.758362
0.650444
0.757657
0.795363
0.812453
0.920209
0.792792
0.824529
0.766907
0.762333
0.727019
0.681056
0.657949
0.695042
0.577516
0.666352
0.699046
0.620014
0.609031
0.638210
0.658529
0.689422
0.694746
0.793817
0.841526
0.807733
0.721579
0.806789
0.857767
0.817236
0.830983
0.852935
0.872405
0.807773
0.782153
0.787518
0.688408
0.916494
0.814995
0.823453
0.841810
1.026361
0.893837
0.717386
0.720572
0.844151
0.743647
0.768965
0.844193
0.872631
0.766012
0.939376
0.780165
0.681357
0.764254
0.707400
0.791642
0.884067
0.747862
0.838839
0.735247
0.882959
0.804997
0.967866
0.903516
0.857939
0.762937
0.708199
1.014001
0.991245
0.873398
0.855749
0.798619
0.782828
0.967796
0.825203
0.827401
0.711624
0.756473
0.825645
0.768365
0.750938
0.826995
0.711956
0.807959
0.796156
0.585224
0.728467
0.889104
0.690187
0.846353
0.673168
0.922182
0.656700
0.810609
0.750349
0.790748
0.685489
0.723139
0.885212
0.595951
0.800787
0.914757
0.692664
0.831263
0.939947
0.830921
0.923797
0.835273
0.905961
0.768686
0.772289
0.724018
0.652032
0.655335
0.720228
0.824936
0.715252
0.949636
0.865901
0.790524
0.750568
0.963250
0.641244
0.683694
0.639039
0.745250
0.780274
0.853370
0.944666
0.606474
0.658250
0.719952
0.786202
0.718025
0.760846
0.839837
0.625002
0.816743
0.914820
0.714107
0.827621
0.795606
0.742031
0.593645
0.602371
0.756508
0.537059
0.621489
0.612200
0.695471
0.563056
0.738398
0.757588
0.677571
0.597665
0.674747
0.780211
0.659421
0.528237
0.694760
0.661895
0.531399
0.854374
0.620117
0.708068
0.574329
0.600467
0.656978
0.605925
0.790483
0.613529
0.685836
0.975903
0.750898
0.508269
0.627808
0.790205
0.829578
0.611821
0.623920
0.600143
0.651717
0.552190
0.575594
0.718731
0.753377
0.743610
0.715179
0.782805
0.720683
0.685537
0.609576
0.556268
0.590806
0.942823
0.637912
0.674682
0.716187
0.749402
0.681529
0.791477
0.534983
0.652689
0.636250
0.685585
0.772277
0.781579
0.773542
0.630197
0.667908
0.637167
0.785211
0.694117
0.636719
0.563669
0.771857
0.628355
0.622366
0.697757
0.730075
0.612532
0.748300
0.654904
0.766622
0.837790
0.672774
0.608721
0.652988
0.733702
0.822429
0.722365
0.504293
0.777927
0.650779
0.590683
0.745288
0.574246
0.846247
0.575596
0.792852
0.616039
0.638645
0.631908
0.590418
0.765706
0.695826
0.621647
0.786005
0.766222
0.710203
0.774675
0.700252
0.717143
0.715217
0.685990
0.611031
0.696210
0.714469
0.679074
0.685326
0.727628
0.588184
0.783329
0.821145
0.646155
0.694635
0.688998
0.644830
0.679830
0.658709
0.740417
0.618113
0.630532
0.560706
0.728272
0.528696
0.697534
0.732819
0.627958
0.712707
0.816691
0.790846
0.586622
0.586944
0.679350
0.727377
0.619955
0.545558
0.738557
0.771472
0.800886
0.786724
0.746558
0.578730
0.696481
0.615224
0.715281
0.748176
0.656456
0.659127
0.611052
0.657655
0.702649
0.630372
0.857377
0.672294
0.762383
0.697789
0.664134
0.874975
0.670172
0.710383
0.548877
0.663807
0.810202
0.750869
0.744482
0.545832
0.567346
0.665164
0.808746
0.642975
0.734581
0.564390
0.747000
0.739282
0.611599
0.620168
0.789697
0.546344
0.677564
0.663464
0.646074
0.727623
0.698061
0.725762
0.871618
0.699253
0.814137
0.732208
0.749711
0.681077
0.751884
0.595366
0.803427
0.800949
0.939995
0.676204
0.814136
0.655207
0.670508
0.609149
0.737709
0.560861
0.703503
0.666869
0.619856
0.524022
0.732852
0.591407
0.875932
0.787810
0.675997
0.626545
0.798058
0.980454
0.731561
0.835852
0.736360
0.679112
0.876228
0.712809
0.730070
0.687561
0.920054
0.917623
0.782536
0.906695
0.540578
0.838309
0.735194
0.828034
0.535416
0.755186
0.643000
0.652303
0.581769
0.630854
0.614110
0.720776
0.636340
0.674954
0.704607
0.848997
0.890218
0.720098
0.747795
0.608246
0.677977
0.814136
0.804516
0.669775
0.538695
0.878857
0.655901
0.671292
0.749353
0.799647
0.730086
0.663969
0.724309
0.745734
0.795484
0.727141
0.679934
0.667706
0.750282
0.799730
0.674189
0.720227
0.683222
0.884262
0.646749
0.638231
0.579924
0.687603
0.653402
0.685233
0.954418
0.654387
0.626515
0.659505
0.851300
0.646113
0.697405
0.864293
0.744619
0.773072
0.663000
0.723792
0.716173
0.765438
0.704764
0.616528
0.593715
0.684538
0.596087
0.649656
0.603065
0.751391
0.634764
0.733444
0.724942
0.613888
0.746663
0.654841
0.705095
0.899305
0.748451
0.696472
0.699980
0.708831
0.847834
0.500145
0.785555
0.713991
0.780122
0.585777
0.715845
0.640325
0.826411
0.715341
0.664374
0.710304
0.949605
0.820207
0.728372
0.640130
0.706664
0.598219
0.683648
0.816802
0.733467
0.641196
0.707396
0.826325
0.782071
0.811469
0.625962
0.630677
0.666368
0.693922
0.625003
0.731519
0.689351
0.703533
0.784491
0.636068
0.698282
0.641509
0.753261
0.795745
0.700003
0.797366
0.734162
0.574291
0.688094
0.641937
0.724531
0.646360
0.685879
0.767219
0.583598
0.692437
0.640934
0.786621
0.705617
0.675839
0.761034
0.748643
0.660846
1.045402
0.861948
0.773310
0.732343
0.560725
0.720161
0.936747
0.655803
0.991733
0.859936
0.700828
0.717389
0.731920
0.747230
0.590131
0.686403
0.755334
0.562188
0.695297
0.577595
0.476801
0.692108
0.550936
0.503310
0.586819
0.623532
0.517862
0.605540
0.598391
0.522324
0.509187
0.718713
0.533652
0.557334
0.691660
0.577341
0.677537
0.554302
0.691119
0.494431
0.581130
0.664602
0.526157
0.692515
0.546076
0.466050
0.467383
0.621751
0.592363
0.659437
0.639631
0.571477
0.596379
0.605257
0.462874
0.639275
0.590718
0.654718
0.619833
0.645484
0.577275
0.592584
0.547694
0.571084
0.554729
0.469721
0.506502
0.639211
0.533025
0.602676
0.474071
0.726698
0.539167
0.616670
0.380579
0.640657
0.638015
0.558755
0.514155
0.785445
0.790522
0.689417
0.625469
0.578875
0.753460
0.812725
0.858745
0.500257
0.650180
0.668632
0.670073
0.809361
0.695737
0.558597
0.703429
0.596388
0.596662
0.559203
0.454020
0.645712
0.474412
0.728083
0.524680
0.772929
0.492075
0.440304
0.657512
0.486828
0.535048
0.846129
0.635295
0.629627
0.712813
0.671092
0.589361
0.726299
0.467262
0.685753
0.479360
0.688947
0.615680
0.837251
0.626728
0.622573
0.784264
0.806665
0.723601
0.642878
0.501707
0.785725
0.717582
0.529451
0.691897
0.645872
0.699851
0.549772
0.722588
0.654587
0.727824
0.624033
0.628791
0.651240
0.581395
0.639196
0.615656
0.566426
0.776808
0.621918
0.579761
0.525474
0.608928
0.470659
0.759307
0.594071
0.638776
0.810981
0.683809
0.859826
0.578277
0.601265
0.682624
0.624653
0.520842
0.707082
0.704832
0.638750
0.686441
0.556580
0.619812
0.563172
0.516610
0.575389
0.571970
0.562241
0.588899
0.603347
0.668607
0.614342
0.547531
0.663867
0.488209
0.700515
0.632069
0.559151
0.580664
0.518388
0.612391
0.550792
0.670146
0.691009
0.677133
0.444138
0.798919
0.510355
0.606727
0.456164
0.711876
0.557722
0.785167
0.863298
0.490561
0.915650
0.777068
0.663758
0.711179
0.631719
0.816588
0.592204
0.605623
0.525015
0.596355
0.684530
0.634723
0.710952
0.563037
0.570114
0.600041
0.851774
0.648865
0.701852
0.445058
0.570970
0.558805
0.747196
0.549874
0.490296
0.564641
0.687811
0.504500
0.651451
0.542561
0.572431
0.596254
0.695562
0.796739
0.683202
0.771786
0.490837
0.775481
0.602434
0.499634
0.548457
0.544190
0.866578
0.529957
0.684046
0.734786
0.475765
0.660752
0.695952
0.598366
0.570394
0.654084
0.691518
0.606701
0.554631
0.585220
0.606486
0.625865
0.721319
0.748946
0.647096
0.644148
0.526326
0.541914
0.822161
0.650643
0.674986
0.524412
0.795558
0.609946
0.656308
0.647091
0.653330
0.610629
0.677404
0.767471
0.518784
0.659804
0.659297
0.533448
0.763830
0.722186
0.584213
0.844718
0.604055
0.696724
0.613741
0.560040
0.651384
0.564905
0.971898
0.736650
0.593275
0.618475
0.552218
0.885207
0.600855
0.589546
0.656829
0.620219
0.642706
0.539631
0.705974
0.747081
0.667655
0.561002
0.530465
0.787147
0.664844
0.747322
0.729949
0.693296
0.715601
0.577366
0.653945
0.589003
0.488717
0.512057
0.611401
0.495072
0.594269
0.514203
0.567485
0.626052
0.750036
0.494087
0.645496
0.590133
0.703307
0.632691
0.521862
0.540003
0.657260
0.865261
0.596923
0.670935
0.643729
0.409163
0.525194
0.666079
0.607912
0.744037
0.590246
0.622961
0.554438
0.644408
0.624728
0.620023
0.588333
0.649720
0.724824
0.937234
0.841372
0.660447
0.809616
0.657431
0.621161
0.584378
0.694475
0.791170
0.921157
0.703191
0.693305
0.626938
0.635702
0.599575
0.536179
0.742228
0.649069
0.534927
0.572013
0.698803
0.789364
0.529558
0.575548
0.571036
0.609056
0.768215
0.801733
0.717313
0.649493
0.709854
0.629483
0.689448
0.512344
0.657924
0.553396
0.763020
0.676610
0.779478
0.691525
0.773587
0.682815
0.573939
0.575558
0.701723
0.747114
0.649738
0.574387
0.626350
