2.716809
2.458836
2.477849
2.312092
2.379660
2.186883
2.203399
2.062570
1.976156
1.958027
1.923822
2.007273
1.960517
1.838004
1.999441
1.955041
2.004680
2.026278
1.941264
1.889581
1.823232
2.062048
1.773334
1.822966
1.699417
1.978545
1.881442
1.846342
1.804516
1.798927
1.762390
1.849106
1.762243
1.630857
1.653004
1.637185
1.611963
1.772503
1.906890
1.624510
1.658055
1.648447
1.529879
1.758553
1.729043
1.599269
1.697672
1.888287
1.707774
1.547408
1.624770
1.696513
1.652587
1.657431
1.619238
1.628906
1.565763
1.552498
1.495633
1.517847
1.576330
1.529250
1.618397
1.508638
1.632952
1.701207
1.326877
1.615865
1.645524
1.605916
1.632103
1.532292
1.725248
1.592208
1.505197
1.486779
1.593459
1.430390
1.605407
1.561120
1.448894
1.491784
1.573130
1.430084
1.529065
1.495692
1.618163
1.568031
1.621015
1.315342
1.604357
1.559787
1.593431
1.457548
1.428517
1.297802
1.460451
1.363410
1.500488
1.462242
1.547349
1.405455
1.573124
1.638038
1.542558
1.588784
1.584280
1.585311
1.585908
1.456432
1.480184
1.532424
1.435963
1.535659
1.402519
1.493685
1.442532
1.470089
1.447030
1.539032
1.383703
1.406683
1.562871
1.443760
1.599706
1.428676
1.414912
1.571325
1.443920
1.440921
1.514031
1.430997
1.379714
1.466428
1.449406
1.448076
1.505545
1.469272
1.541697
1.594973
1.230220
1.309849
1.469218
1.368354
1.354557
1.493817
1.387019
1.315489
1.589842
1.369622
1.470250
1.452216
1.368234
1.197699
1.509535
1.310411
1.483858
1.474342
1.519405
1.436867
1.350856
1.437266
1.429106
1.311247
1.414404
1.333565
1.260593
1.401885
1.222056
1.344224
1.395082
1.477089
1.281750
1.203175
1.308094
1.266929
1.336929
1.359305
1.206264
1.185660
1.192735
1.358115
1.358742
1.509498
1.207143
1.522278
1.406565
1.382354
1.172665
1.264789
1.345540
1.327277
1.575548
1.433757
1.289556
1.264446
1.077747
1.255835
1.241930
1.298138
1.315617
1.480664
1.347314
1.383702
1.227966
1.325238
1.175645
1.182347
1.385394
1.164006
1.300594
1.188405
1.304971
1.299162
1.308227
1.295863
1.436058
1.272906
1.267623
1.337408
1.247610
1.263274
1.429831
1.254855
1.321566
1.405772
1.152299
1.456286
1.301819
1.244299
1.240958
1.301522
1.208368
1.357084
1.115139
1.243647
1.106243
1.341824
1.333580
1.287461
1.122122
1.305467
1.159820
1.278648
1.193397
1.084230
1.264817
1.372092
1.122777
1.359413
1.177097
1.264065
1.322655
1.043810
1.343471
1.272244
1.205058
1.390715
1.172650
1.160506
1.233948
1.263235
1.214952
1.134599
1.198905
1.410255
1.200861
1.176309
1.447381
1.337277
1.208445
1.229022
1.242573
1.178648
1.338175
1.174265
1.214478
1.190186
1.161225
1.097358
1.340032
1.238773
1.241710
1.306509
1.090917
1.152615
1.238482
1.390106
1.389055
1.216544
1.276455
1.345886
1.111492
1.158282
1.083564
1.219074
1.275460
1.078313
1.301617
1.288304
1.227759
1.226781
1.275101
1.086054
1.339787
1.062618
1.073160
1.161325
1.282567
1.128296
1.136225
1.140420
1.177225
1.103969
1.181024
1.004152
1.175341
1.161938
1.134527
1.345962
1.218668
1.331352
1.286933
0.985858
1.111545
1.316367
1.290195
1.085989
1.260429
1.146477
1.140424
1.270928
1.085171
1.319836
1.231247
1.103971
1.011290
1.232896
1.225794
1.156604
1.189102
0.988832
1.151418
1.034951
1.209303
1.178908
1.252636
1.114433
1.098532
0.996909
1.052955
1.231277
1.271885
1.252015
1.198963
1.295421
1.115654
1.139062
1.172881
1.064437
1.210681
1.003806
0.960729
1.204052
1.197197
1.146949
1.071077
1.010136
1.126620
1.104277
1.102961
1.133551
1.032208
1.106473
1.075074
1.106317
1.137146
1.197076
1.139916
1.074037
1.155157
1.075939
0.910913
0.990765
1.291574
1.198022
1.065635
1.089667
1.078948
1.183706
0.970987
0.883812
1.035085
1.077170
0.958942
0.938668
0.942965
0.955004
1.093054
0.998603
1.049080
1.202099
0.762503
1.064803
1.003505
1.022893
0.951650
1.110962
0.995612
0.993465
0.953328
0.925292
0.901008
0.976378
1.073762
0.972355
0.979728
0.920621
0.917264
0.927241
0.990091
0.777527
0.949398
1.112043
0.764092
0.996181
0.774864
0.878178
1.267310
0.926064
1.121478
1.067474
1.099486
1.019403
1.156375
0.957596
0.867930
0.959504
1.029023
1.023101
1.135137
0.767916
1.192252
0.867247
0.995855
0.960789
0.926233
0.952734
1.125725
1.043455
0.880248
1.081991
1.036583
1.074684
0.982553
0.992389
1.092532
0.986952
0.917506
0.930087
0.898916
1.000866
0.943630
0.938855
0.847715
0.829684
0.925209
0.922252
1.106609
1.120040
1.005305
0.998643
1.024447
0.974867
1.016568
0.911022
0.973585
1.214955
1.131255
0.969053
1.014915
1.080532
0.980537
0.999272
0.954944
0.892539
0.842558
0.889204
1.064098
0.985792
1.027620
0.957100
1.002259
0.952218
0.906067
0.879976
1.028100
1.155697
0.982403
1.046755
0.918634
0.807799
0.885797
1.038299
0.840736
0.839170
0.905157
0.875772
0.854696
0.961962
1.027976
0.797040
0.878358
1.135189
1.040762
1.188478
0.925569
1.152143
1.100392
0.830869
1.058819
0.967849
1.037394
0.924429
0.951598
0.986252
0.790748
0.901684
0.984973
1.014050
1.079827
0.939564
0.999824
0.935563
0.885564
0.871352
0.856506
1.061232
0.818320
0.962147
1.001083
0.944400
0.893758
0.912495
0.820601
0.872832
0.816077
0.891480
0.866819
0.762727
1.113006
0.921356
0.780284
0.770018
0.812771
0.877781
0.944867
1.003354
0.814671
0.817698
0.797059
1.073127
0.869973
1.027270
0.968773
1.076398
0.886910
0.990181
0.781577
0.859933
1.002992
1.009685
1.009699
0.978104
1.114303
1.039652
0.979183
0.807590
0.902331
0.939416
0.865014
1.057835
0.842764
0.848471
0.916730
0.893300
0.839517
1.031461
0.752108
0.883340
0.915342
0.978577
0.820941
0.996138
0.764730
0.963426
0.901894
0.846913
1.030190
0.924079
0.959905
1.022030
0.798656
0.780351
0.929407
0.937673
0.814744
1.126012
0.904202
0.666583
0.913188
0.990740
0.862672
0.988462
0.812915
0.877823
0.866960
0.881796
0.997729
0.854080
0.784596
0.942625
0.974171
0.924369
0.965200
0.933989
0.968657
1.011855
0.857727
0.854259
0.874245
0.770638
0.726278
0.944918
0.862117
0.930665
0.814371
0.788559
1.031030
0.869943
0.758233
0.710434
0.728675
1.054905
0.954447
0.884308
0.915174
0.951156
0.871876
0.827694
0.705118
0.830651
1.061459
0.958999
0.798871
0.962740
1.013751
0.921163
0.948048
1.035743
0.783348
0.866926
0.899152
0.814554
0.792151
0.937277
0.756836
0.779511
0.840307
0.918555
0.913896
0.972596
0.884913
0.825665
0.908007
0.855049
0.967219
0.719916
0.742475
0.961331
0.712357
0.797607
0.981249
0.854922
0.761518
0.814158
0.836290
0.806228
0.956550
0.783879
0.785048
0.919538
0.826543
1.098888
0.774057
0.908388
0.899313
0.864868
0.923984
0.877983
0.790749
0.813231
0.830745
0.885687
0.816359
0.821238
0.887951
0.794252
0.622533
0.990573
0.894265
0.980941
0.800431
0.731824
0.864240
0.737764
1.038807
0.772359
0.882612
0.852106
0.924174
0.900116
0.826202
0.678548
0.850017
0.858913
0.948597
0.653281
0.991892
0.799406
0.930156
1.102170
0.871146
0.782798
0.805839
0.913384
0.775273
0.884799
0.831814
0.814525
0.919099
0.836354
0.805118
0.808287
0.884520
0.911502
0.905227
0.879297
1.134708
0.791746
0.976902
0.856198
0.809965
0.775312
0.820662
0.757118
1.022682
0.974041
0.845901
0.805781
0.751701
1.017415
0.631681
0.765142
0.754569
1.044872
0.975889
0.757546
0.852151
0.785063
0.750393
0.721010
0.807847
0.880465
0.768234
0.900508
0.835967
0.891553
1.009883
0.830927
0.694799
1.026647
0.668154
0.697763
0.652798
0.692895
0.748674
0.652575
0.702115
0.689529
0.782890
0.792437
0.869913
0.728876
0.749173
0.785546
0.723103
0.772561
0.686911
0.893441
0.581524
0.700170
0.701952
0.508407
0.672894
0.671073
0.690085
0.775421
0.606735
0.693706
0.691881
0.835810
0.688855
0.646208
0.620690
0.768250
0.882075
0.731650
0.778061
0.703370
0.628718
0.813098
0.733798
0.664030
0.657302
0.704491
0.606056
0.760807
0.833667
0.841450
1.038348
0.803073
0.679187
0.651630
0.786294
0.616948
0.831792
0.704438
0.575848
0.671898
0.719330
0.590877
0.693755
0.757277
0.606559
0.803488
0.621719
0.722889
0.475575
0.830341
0.804816
0.661851
0.729403
0.694662
0.711186
0.628684
0.768960
0.675102
0.883349
0.857331
0.880533
0.610616
0.566439
0.758582
0.755929
0.895531
0.647156
0.790501
0.876331
0.735058
0.811948
0.605307
0.652850
0.695131
0.758275
0.705969
0.616404
0.607302
0.692079
0.986437
0.761274
0.663528
0.866012
0.760937
0.589009
0.660678
0.920839
0.876177
0.909875
0.735113
0.637893
0.730165
0.757497
0.801240
0.794040
0.703378
0.612228
0.775432
0.589712
0.708678
0.638917
0.597466
0.694583
0.820313
0.682259
0.682756
0.752459
0.877323
0.615405
0.924878
0.804830
0.499896
0.782274
0.629686
0.875728
0.837438
0.618218
0.655487
0.791270
0.534677
0.891332
0.806220
0.767978
0.862080
0.583640
0.768255
0.734433
0.627210
0.726109
0.760409
0.739772
0.706984
0.647734
0.636100
0.770202
0.762397
0.637954
0.669242
0.754637
0.692409
0.737858
0.699181
0.658544
0.621757
0.655375
0.907240
0.594174
0.911587
0.774449
0.573977
0.821446
0.718345
0.769589
0.647884
0.576567
0.691630
0.790290
0.723990
0.730993
0.666996
0.714878
0.703971
0.750627
0.727638
0.778165
0.548724
0.851668
0.709955
0.830640
0.661467
0.603012
0.704918
0.526233
0.639808
0.710997
0.625258
0.651224
0.823541
0.640333
0.617391
0.764371
0.635298
0.780160
0.690522
0.681425
0.670629
0.706928
0.642156
0.739403
0.625390
0.786201
0.682629
0.674141
0.549548
0.611262
0.766005
0.693438
0.833397
0.710218
0.613241
0.788705
0.819863
0.888108
0.720491
0.773491
0.686070
0.654285
0.692534
0.892901
0.690193
0.676700
0.673892
0.668903
0.721156
0.638862
0.657719
0.673015
0.869578
0.819689
0.746701
0.593029
0.642208
0.596454
0.693201
0.768055
0.576138
0.555638
0.686801
0.574614
0.625798
0.684562
0.705735
0.716860
0.692500
0.527984
0.674947
0.829126
0.600977
0.633660
0.604393
0.798152
0.613970
0.721720
0.601815
0.697973
0.712240
0.545964
0.658585
0.771157
0.705278
0.608434
0.587066
0.738808
0.608384
0.606371
0.721730
0.836257
0.650967
0.887178
0.819614
1.023897
0.634622
0.585043
0.660731
0.586566
0.659986
0.808726
0.683076
0.753627
0.794138
0.667864
0.616151
0.815471
0.701637
0.898373
0.609568
0.877647
0.613010
0.769571
0.912744
0.799745
0.850596
0.630205
0.622591
0.747058
0.591133
0.633007
0.620946
0.851869
0.607360
0.708601
0.845600
0.914943
0.598537
0.752360
0.739795
0.643646
0.782647
0.710201
0.666377
0.605370
0.636690
0.648463
0.746258
0.635015
0.783166
0.692437
0.639717
0.643808
0.559704
0.599039
0.659768
0.598755
0.690241
0.486311
0.657947
0.683521
0.695950
0.832029
0.537481
0.549851
0.813104
0.598472
0.594483
0.628919
0.639078
0.620862
0.643870
0.707808
0.644106
0.709811
0.690476
0.722210
0.702052
0.658501
0.600548
0.621762
0.903469
0.534509
0.664449
0.932772
0.569608
0.686846
0.869823
0.710376
0.634722
0.773658
0.651085
0.736600
0.632467
0.663353
0.651667
0.773436
0.727577
0.592389
0.648075
0.668943
0.680867
0.693706
0.603172
0.719891
0.488624
0.766085
0.646541
0.544754
0.682313
0.741159
0.755328
0.655242
0.635377
0.667935
0.760944
0.756302
0.470560
0.466867
0.575151
0.531186
0.595127
0.492529
0.606533
0.695904
0.626369
0.551969
0.421646
0.451195
0.611493
0.469398
0.511957
0.651043
0.462293
0.578763
0.551518
0.776196
0.630218
0.465534
0.454323
0.623067
0.688668
0.626256
0.524253
0.653394
0.518114
0.537348
0.667900
0.584225
0.540148
0.602498
0.629620
0.503580
0.618368
0.527732
0.533370
0.667618
0.532026
0.460408
0.617921
0.762254
0.688612
0.493686
0.656704
0.669449
0.530822
0.459842
0.466677
0.493756
0.509683
0.515406
0.482928
0.551996
0.536607
0.560503
0.568504
0.595853
0.622236
0.816963
0.545807
0.715879
0.756454
0.445871
0.585810
0.887259
0.573950
0.696189
0.481443
0.583304
0.690392
0.754663
0.608382
0.604610
0.527770
0.616221
0.429631
0.651174
0.368011
0.415171
0.407057
0.602569
0.547567
0.531002
0.483665
0.496515
0.574013
0.652901
0.742776
0.553096
0.621190
0.448364
0.517342
0.568795
0.575281
0.509755
0.596868
0.696873
0.630666
0.604135
0.661564
0.485348
0.436550
0.630287
0.620970
0.509582
0.681958
0.601886
0.651367
0.592525
0.463989
0.466820
0.683386
0.634328
0.538872
0.572129
0.433417
0.441381
0.644023
0.627437
0.495790
0.404340
0.635363
0.679523
0.498590
0.634732
0.538104
0.567970
0.569603
0.531640
0.645271
0.579443
0.557813
0.540454
0.585865
0.628689
0.703795
0.760516
0.421125
0.598721
0.463820
0.530115
0.608090
0.470811
0.602181
0.540172
0.660343
0.489575
0.839839
0.782695
0.501606
0.620657
0.413563
0.548906
0.588367
0.541917
0.505871
0.628707
0.616922
0.517836
0.602985
0.496489
0.454586
0.525427
0.565233
0.655029
0.456317
0.502248
0.533657
0.441688
0.467393
0.646455
0.298730
0.687963
0.599886
0.403276
0.665652
0.476295
0.541262
0.488024
0.541226
0.391667
0.527646
0.629487
0.472772
0.743924
0.353190
0.563657
0.623933
0.405527
0.519450
0.483366
0.655835
0.580236
0.654391
0.579837
0.658494
0.588963
0.631243
0.654786
0.610599
0.592980
0.466812
0.554260
0.474688
0.457116
0.559055
0.509210
0.529110
0.611052
0.549677
0.572865
0.576992
0.577606
0.643280
0.726897
0.488719
0.677607
0.562798
0.579372
0.605157
0.714173
0.583516
0.511001
0.651274
0.630471
0.667790
0.617368
0.644938
0.537849
0.596900
0.457103
0.523170
0.515244
0.556859
0.570759
0.726132
0.543813
0.595885
0.579638
0.583584
0.560701
0.687153
0.632789
0.635473
0.643616
0.665551
0.543515
0.397954
0.536842
0.447568
0.630176
0.572766
0.561482
0.413671
0.615678
0.600721
0.703568
0.512278
0.594130
0.680817
0.605426
0.767639
0.585726
0.665286
0.669085
0.459306
0.526269
0.627334
0.766910
0.684790
0.609372
0.702487
0.715693
0.466971
0.593174
0.463818
0.604898
0.536608
0.616506
0.527067
0.701349
0.437751
0.578228
0.606189
0.714625
0.507835
0.482806
0.701481
0.440335
0.558849
0.628217
0.482177
0.584130
0.544036
0.362497
0.552711
0.572807
0.541920
0.612312
0.620036
0.483495
0.752225
0.580426
0.584937
0.560533
0.538449
0.646872
0.587388
0.569741
0.476094
0.683055
0.565490
0.516463
0.774775
0.640868
0.676779
0.458685
0.526248
0.568218
0.739110
0.801366
0.575305
0.688924
0.566334
0.630726
0.495469
0.485534
0.688515
0.523644
0.572314
0.599109
0.528496
0.419591
0.735019
0.670362
0.586073
0.574494
0.476503
0.664734
0.471860
0.437780
0.467661
0.507430
0.702728
0.610832
0.590521
0.505715
0.608700
0.617215
0.375431
0.594824
0.438055
0.524755
0.549334
0.471991
0.540325
0.684086
0.555647
0.675117
0.439054
0.513670
0.501032
0.490027
0.652669
0.555965
0.612971
0.481987
0.470877
0.562049
0.464007
0.501615
0.640946
0.663316
0.702653
0.590143
0.505388
0.615337
0.672928
0.522525
0.438834
0.536239
0.577544
0.693774
0.562413
0.674015
0.453804
0.529960
0.476481
0.522881
0.447245
0.496545
0.556005
0.432229
0.514730
0.438653
0.394897
0.425374
0.334118
0.492098
0.505510
0.453183
0.546492
0.556562
0.331992
0.485761
0.274165
0.474052
0.340257
0.398903
0.471564
0.515442
0.273536
0.451547
0.457950
0.251605
0.513405
0.455274
0.365294
0.395809
0.449380
0.453020
0.552737
0.439355
0.395269
0.389031
0.411614
0.415448
0.637914
0.466061
0.291422
0.447911
0.467423
0.344744
0.409235
0.504366
0.419531
0.622728
0.439420
0.429601
0.424072
0.363589
0.554842
0.411759
0.398576
0.495990
0.384132
0.376596
0.638027
0.471113
0.588278
0.448068
0.468608
0.453897
0.496736
0.552377
0.426236
0.427008
0.439754
0.441486
0.591294
0.537125
0.508292
0.455896
0.445429
0.420170
0.474680
0.568038
0.494438
0.444032
0.354686
0.588905
0.440030
0.493977
0.529123
0.509992
0.476607
0.462166
0.409366
0.428109
0.495912
0.433353
0.532550
0.655367
0.390169
0.431861
0.455043
0.512935
0.403274
0.500991
0.440330
0.508080
0.329041
0.439609
0.465277
0.331777
0.467597
0.346879
0.497816
0.287360
0.548605
0.437994
0.504050
0.382810
0.364064
0.557183
0.347705
0.386228
0.409572
0.373884
0.375198
0.367224
0.431197
0.485725
0.430379
0.607124
0.506971
0.386302
0.401998
0.572825
0.388799
0.511231
0.349456
0.462784
0.492027
0.556754
0.463675
0.307534
0.457195
0.611054
0.438446
0.539468
0.351607
0.457793
0.455857
0.446135
0.391486
0.394746
0.427785
0.506478
0.407658
0.632697
0.382561
0.591148
0.335178
0.527948
0.393659
0.330268
0.343631
0.362978
0.476154
0.379179
0.484981
0.489894
0.435604
0.622569
0.345935
0.535179
0.698286
0.403969
0.332638
0.495148
0.439226
0.545484
0.553875
0.614192
0.543377
0.599599
0.601264
0.432742
0.529969
0.648757
0.581607
0.495472
0.400497
0.352801
0.518548
0.442119
0.503999
0.447323
0.374524
0.475805
0.482531
0.579097
0.417230
0.394499
0.558009
0.479304
0.512241
0.431943
0.486835
0.378994
0.550579
0.320927
0.422123
0.340538
0.506374
0.502362
0.475576
0.479255
0.516326
0.367718
0.366945
0.430385
0.509494
0.477786
0.443798
0.455470
0.525151
0.420453
0.456217
0.563787
0.620723
0.451847
0.459967
0.456297
0.373153
0.426379
0.462825
0.572542
0.493459
0.609583
0.488307
0.409784
0.432728
0.526604
0.404910
0.418569
0.495586
0.450249
0.416558
0.547963
0.632355
0.542306
0.531731
0.483777
0.496073
0.430612
0.561331
0.446346
0.514580
0.432359
0.449304
0.440926
0.514986
0.347476
0.392139
0.356016
0.656536
0.502703
0.433489
0.529214
0.403045
0.532513
0.543183
0.527004
0.511611
0.477393
0.458100
0.491457
0.339135
0.466898
0.558769
0.419870
0.454737
0.719272
0.438595
0.599796
0.458517
0.408957
0.389211
0.396602
0.491414
0.411735
0.489092
0.501848
0.486223
0.489426
0.408030
0.611923
0.435191
0.395823
0.374899
0.451075
0.606175
0.492213
0.431659
0.359153
0.401404
0.577993
0.391430
0.327901
0.368015
0.344117
0.374204
0.475717
0.397921
0.355711
0.326110
0.570105
0.595847
0.562325
0.397763
0.341562
0.562304
0.588007
0.351933
0.342996
0.544717
0.539755
0.542749
0.575163
0.658488
0.505543
0.489504
0.494214
0.489279
0.373351
0.429198
0.493260
0.484923
0.373702
0.547837
0.468357
0.470866
0.464359
0.464380
0.372949
0.368417
0.420258
0.522137
0.463219
0.539794
0.535281
0.479071
0.461539
0.672466
0.545844
0.416836
0.535699
0.416486
0.321066
0.436858
0.403572
0.413356
0.455159
0.350896
0.533850
0.458434
0.638323
0.529732
0.410117
0.488289
0.457405
0.475095
0.444701
0.473552
0.436714
0.455975
0.486194
0.472847
0.415917
0.458288
0.475007
0.667924
0.662574
0.564564
0.510948
0.479740
0.465971
0.423584
0.532316
0.397092
0.550254
0.646475
0.447547
0.350906
0.479309
0.476732
0.697160
0.332423
0.508350
0.483177
0.286822
0.346595
0.275716
0.338530
0.404533
0.328324
0.210361
0.343142
0.324950
0.396441
0.270929
0.354241
0.336484
0.272810
0.241902
0.235798
0.316130
0.250757
0.216328
0.335120
0.416297
0.283902
0.255850
0.453319
0.290729
0.386444
0.352671
0.347557
0.332948
0.338111
0.335033
0.315728
0.447136
0.170154
0.340442
0.360340
0.333074
0.234342
0.396988
0.298366
0.342435
0.282094
0.273262
0.421898
0.420495
0.317939
0.337154
0.315884
0.359470
0.386253
0.341743
0.526679
0.254002
0.379922
0.197559
0.382405
0.309165
0.405388
0.223377
0.406722
0.400631
0.375836
0.402626
0.577454
0.311671
0.305436
0.442577
0.259751
0.480665
0.436595
0.323200
0.318601
0.247284
0.286885
0.315337
0.407788
0.426014
0.464083
0.277217
0.271286
0.452346
0.285387
0.374798
0.308007
0.355531
0.348530
0.344353
0.290890
0.301707
0.300792
0.420941
0.577244
0.302349
0.379335
0.341017
0.528764
0.259886
0.343368
0.353759
0.304586
0.460395
0.583250
0.241618
0.338281
0.359701
0.358525
0.429181
0.494786
0.492328
0.508980
0.397810
0.355250
0.402928
0.325791
0.370333
0.254220
0.296884
0.395349
0.296554
0.399677
0.344651
0.370117
0.373587
0.290137
0.458329
0.388748
0.382420
0.411337
0.316074
0.267266
0.398458
0.352484
0.442329
0.348332
0.321987
0.430047
0.276811
0.369313
0.435844
0.379533
0.545916
0.393133
0.460475
0.318795
0.449385
0.218158
0.361927
0.506403
0.364531
0.477684
0.417693
0.237979
0.309020
0.318999
0.404331
0.387657
0.504197
0.414796
0.335521
0.413337
0.411915
0.333124
0.493769
0.322584
0.393548
0.376182
0.417213
0.422571
0.454356
0.292160
0.440651
0.277110
0.402773
0.533232
0.351685
0.451252
0.358284
0.312167
0.413443
0.290759
0.290909
0.459600
0.405448
0.323756
0.279309
0.335805
0.352710
0.320869
0.357280
0.369059
0.353683
0.351326
0.338883
0.405406
0.384702
0.433773
0.459168
0.379568
0.490498
0.450166
0.455602
0.374419
0.297640
0.530172
0.261648
0.282878
0.516108
0.338369
0.271781
0.350200
0.448466
0.406738
0.415729
0.403746
0.478307
0.405711
0.267453
0.278548
0.323884
0.405052
0.375374
0.350531
0.320966
0.323408
0.446849
0.393989
0.558354
0.448815
0.436307
0.452244
0.339611
0.391564
0.441442
0.341907
0.407059
0.251094
0.282933
0.477193
0.404728
0.314731
0.475957
0.440884
0.324350
0.503800
0.386765
0.312406
0.308001
0.365982
0.383014
0.382113
0.332670
0.503956
0.442007
0.412281
0.377581
0.358932
0.417854
0.354378
0.360437
0.229801
0.329789
0.306902
0.380796
0.415096
0.373101
0.277172
0.398674
0.322950
0.325068
0.262127
0.415057
0.323854
0.440812
0.298331
0.419084
0.464253
0.355746
0.278132
0.475391
0.457123
0.352750
0.273766
0.350732
0.355288
0.577664
0.392687
0.520769
0.406447
0.330095
0.484494
0.298917
0.350773
0.413115
0.329906
0.331956
0.449818
0.315368
0.391927
0.415118
0.297558
0.482624
0.448625
0.338456
0.337405
0.355505
0.407714
0.425442
0.362096
0.572197
0.418455
0.473739
0.417349
0.370947
0.422777
0.435027
0.486674
0.475870
0.489013
0.434656
0.430381
0.362796
0.407920
0.297441
0.432719
0.348003
0.309005
0.351603
0.370579
0.390834
0.468613
0.346610
0.412683
0.464468
0.355123
0.434657
0.419345
0.285396
0.384216
0.386560
0.451675
0.312717
0.358017
0.600207
0.469826
0.340224
0.381023
0.409631
0.266385
0.382076
0.308388
0.400057
0.453800
0.475946
0.471638
0.459690
0.427306
0.612942
0.336973
0.315162
0.350915
0.440057
0.331156
0.309301
0.453533
0.382710
0.531465
0.355044
0.422318
0.396992
0.391699
0.259894
0.461171
0.257140
0.441727
0.435924
0.454700
0.439670
0.381373
0.363575
0.420914
0.344946
0.475736
0.415835
0.381457
0.257096
0.356069
0.518973
0.371649
0.372494
0.399511
0.235635
0.315034
0.283695
0.303546
0.165794
0.282648
0.160887
0.323420
0.214588
0.259124
0.239549
0.202486
0.294004
0.197898
0.239797
0.258244
0.191580
0.213138
0.265116
0.198359
0.478116
0.204151
0.223693
0.211291
0.149659
0.194976
0.227676
0.364270
0.253961
0.318099
0.257163
0.260096
0.233372
0.212438
0.199745
0.371614
0.233858
0.261415
0.258253
0.216640
0.233919
0.153113
0.373570
0.395590
0.245050
0.216234
0.273436
0.208320
0.160453
0.278322
0.323490
0.246094
0.421849
0.214545
0.364392
0.260955
0.329163
0.252633
0.357143
0.122874
0.307976
0.195535
0.215592
0.350676
0.320960
0.268320
0.228730
0.318307
0.381123
0.198335
0.257457
0.311995
0.217278
0.311783
0.288697
0.320613
0.329367
0.413535
0.303440
0.344971
0.303186
0.330860
0.353509
0.247822
0.266480
0.219989
0.349112
0.336433
0.377238
0.324945
0.301130
0.220771
0.193722
0.271213
0.230328
0.346961
0.236914
0.243746
0.179869
0.186207
0.203211
0.193575
0.265765
0.204675
0.235597
0.289188
0.302564
0.270256
0.335025
0.270114
0.340608
0.400407
0.188921
0.176470
0.236527
0.244117
0.267189
0.241213
0.214553
0.196057
0.319763
0.379961
0.207664
0.290701
0.231055
0.238629
0.252843
0.282855
0.310002
0.280956
0.409795
0.204256
0.331928
0.274668
0.270706
0.264207
0.180488
0.241206
0.327261
0.309510
0.256802
0.277617
0.404186
0.338947
0.308919
0.288132
0.354433
0.286759
0.502645
0.380610
0.262517
0.268234
0.349551
0.402683
0.390910
0.247514
0.209689
0.243527
0.227891
0.310328
0.318631
0.285069
0.301808
0.325925
0.325109
0.233894
0.328897
0.416462
0.339004
0.296917
0.222164
0.239633
0.247291
0.359611
0.250760
0.275095
0.318528
0.255786
0.307045
0.319828
0.362340
0.203632
0.370544
0.323463
0.251152
0.350418
0.223728
0.249814
0.255001
0.279472
0.238780
0.350462
0.318601
0.245245
0.367059
0.270471
0.398002
0.394464
0.481884
0.339428
0.277145
0.233853
0.236103
0.307688
0.423364
0.241039
0.296395
0.353869
0.230669
0.209114
0.315423
0.218291
0.366739
0.276264
0.408098
0.187456
0.281081
0.271050
0.233499
0.338641
0.233965
0.219580
0.304599
0.369888
0.317189
0.423817
0.261522
0.363379
0.328063
0.431138
0.309012
0.281031
0.221577
0.338173
0.327119
0.251768
0.204950
0.222373
0.322572
0.297372
0.257223
0.257510
0.218456
0.242751
0.275740
0.233778
0.344074
0.354488
0.327445
0.327298
0.304766
0.366447
0.430453
0.262267
0.330889
0.325209
0.298567
0.358139
0.310596
0.228334
0.140705
0.296114
0.254622
0.433225
0.278838
0.424231
0.414212
0.290270
0.235145
0.358101
0.321896
0.410869
0.400015
0.253392
0.302851
0.447218
0.283034
0.309243
0.392611
0.269861
0.234778
0.166778
0.337304
0.376329
0.535014
0.413309
0.264650
0.295074
0.305920
0.318928
0.430795
0.303205
0.383867
0.431791
0.443258
0.343394
0.200029
0.377448
0.279740
0.339335
0.334289
0.255964
0.260501
0.314971
0.288496
0.303721
0.278536
0.308987
0.374159
0.287772
0.281404
0.306748
0.389124
0.299826
0.307788
0.442508
0.435979
0.376755
0.294935
0.263736
0.303849
0.362536
0.396320
0.430749
0.387192
0.272138
0.238247
0.276297
0.352417
0.237927
0.330063
0.367682
0.405522
0.323391
0.416789
0.382942
0.270394
0.365256
0.342794
0.388305
0.290834
0.323521
0.337343
0.310095
0.331119
0.339987
0.293737
0.299530
0.248392
0.312222
0.376442
0.282326
0.324876
0.320544
0.383231
0.270470
0.437142
0.260431
0.493781
0.376953
0.532025
0.441571
0.371571
0.189861
0.368895
0.266510
0.367583
0.372585
0.318934
0.354948
0.309136
0.342366
0.415009
0.457551
0.263929
0.396624
0.383581
0.263386
0.314871
0.348992
0.255648
0.268362
0.305674
0.343067
0.286515
0.456254
0.355245
0.452597
0.286603
0.219887
0.162577
0.185550
0.195670
0.250304
0.210877
0.212393
0.183617
0.188993
0.155113
0.181930
0.136414
0.155284
0.203481
0.161698
0.196521
0.173728
0.225323
0.180286
0.163295
0.145021
0.182476
0.153851
0.160139
0.166156
0.176137
0.158070
0.168183
0.232282
0.109349
0.125185
0.179461
0.108628
0.200627
0.122624
0.136983
0.228219
0.153357
0.137040
0.150294
0.175721
0.238044
0.172913
0.136242
0.168305
0.121548
0.163853
0.209254
0.146683
0.220113
0.237442
0.124007
0.171918
0.197065
0.154338
0.168466
0.181985
0.187245
0.175639
0.165414
0.170816
0.380262
0.278750
0.156765
0.122782
0.239542
0.177192
0.130685
0.181727
0.264729
0.204358
0.161882
0.226291
0.262701
0.171789
0.293045
0.177396
0.158176
0.215888
0.193651
0.185691
0.297357
0.323895
0.179113
0.221318
0.172744
0.170856
0.171108
0.141876
0.215573
0.189560
0.286590
0.199291
0.196016
0.236616
0.156211
0.222640
0.242056
0.255870
0.179984
0.219170
0.181539
0.236992
0.210734
0.165443
0.258924
0.216527
0.218351
0.131658
0.253956
0.261261
0.239903
0.324062
0.201118
0.371778
0.173765
0.216138
0.178367
0.247994
0.233617
0.318327
0.225031
0.193460
0.203707
0.284528
0.243061
0.186589
0.169437
0.214546
0.156453
0.157786
0.301156
0.191577
0.268171
0.321637
0.253751
0.238365
0.164966
0.197892
0.162045
0.168712
0.146395
0.285434
0.228813
0.231828
0.328410
0.200908
0.339670
0.126771
0.280568
0.196240
0.157617
0.224192
0.136454
0.241305
0.219650
0.213353
0.195637
0.269244
0.236680
0.199248
0.310179
0.176655
0.233841
0.233732
0.254272
0.316359
0.268725
0.189714
0.232181
0.152185
0.355553
0.279357
0.262948
0.160745
0.183404
0.202229
0.317318
0.374405
0.231473
0.286219
0.213129
0.327010
0.175173
0.183139
0.156790
0.289795
0.209999
0.231269
0.266246
0.245449
0.273221
0.361011
0.217044
0.278821
0.267879
0.375193
0.207567
0.208368
0.231195
0.206943
0.273842
0.173264
0.304360
0.224000
0.220931
0.191541
0.299462
0.294495
0.178599
0.181069
0.246930
0.246287
0.191199
0.273106
0.192610
0.192263
0.255586
0.216902
0.211957
0.243538
0.165703
0.240908
0.250910
0.248643
0.280745
0.274269
0.150986
0.274334
0.360727
0.250765
0.149912
0.163434
0.244969
0.230830
0.305702
0.283004
0.157239
0.246478
0.186894
0.244454
0.292713
0.251139
0.250410
0.271086
0.186027
0.288248
0.231781
0.173583
0.289115
0.281575
0.312210
0.206246
0.200923
0.227001
0.403933
0.233655
0.294315
0.197827
0.228930
0.320151
0.413351
0.381278
0.305805
0.248230
0.299199
0.358357
0.132327
0.219268
0.260135
0.220163
0.242002
0.276974
0.364615
0.338951
0.278493
0.275054
0.360712
0.307869
0.236361
0.219705
0.392024
0.308982
0.182221
0.183096
0.230162
0.267371
0.391365
0.198209
0.267126
0.276056
0.278669
0.255811
0.234891
0.319906
0.287208
0.192911
0.184913
0.335713
0.274913
0.224389
0.280596
0.213918
0.161668
0.238020
0.211614
0.230139
0.224541
0.246887
0.274483
0.177979
0.211668
0.279102
0.158883
0.298964
0.308040
0.181273
0.334464
0.243204
0.247257
0.301906
0.320263
0.215504
0.415508
0.228602
0.265862
0.246980
0.293215
0.144686
0.135035
0.170277
0.255063
0.320630
0.240748
0.295047
0.159121
0.227136
0.145376
0.225755
0.144883
0.240248
0.210592
0.288966
0.369464
0.226030
0.258514
0.275115
0.276939
0.257142
0.179218
0.351777
0.289654
0.259435
0.229919
0.240588
0.291213
0.182237
0.182144
0.238455
0.304050
0.209707
0.212302
0.281210
0.288656
0.232573
0.219126
0.242114
0.260531
0.241958
0.231053
0.419847
0.227256
0.170462
0.353476
0.288155
0.210338
0.281543
0.204304
0.305955
0.409636
0.346681
0.248653
0.195207
0.304447
0.215899
0.199629
0.212176
0.258084
0.232474
0.147516
0.272580
