2.302725
2.301535
2.300910
2.302082
2.295599
2.293293
2.278979
2.235313
2.227378
2.264706
2.215872
2.269605
2.269955
2.260815
2.265247
2.267718
2.219012
2.130101
2.163487
2.184489
2.112416
2.163529
2.029520
2.168612
2.093641
2.183900
2.006020
2.076424
2.210093
2.099504
2.068780
2.083042
2.155529
2.033017
1.999298
2.038941
1.968632
2.191822
2.094294
2.001042
2.056958
2.079912
1.976806
2.079874
2.101106
2.015141
2.071077
2.192496
2.081089
2.029511
1.987846
2.062161
2.058408
2.038883
1.991828
2.037633
1.965773
1.954066
1.963821
1.990733
1.913629
2.022709
2.001844
1.930123
2.013993
1.923970
1.947870
1.944754
1.907338
1.936967
1.952382
1.894215
2.091491
1.939623
2.015776
1.935550
1.966455
1.913263
2.029680
1.895976
1.899637
1.880081
1.895007
1.902563
1.927865
2.019387
1.905157
1.931393
1.890068
1.851432
1.946934
1.853350
1.866336
1.890408
1.871642
1.773135
1.926147
1.841320
1.943025
1.877184
1.785970
1.863372
1.929155
1.985404
1.891517
2.007815
1.938699
1.921090
1.915807
1.779669
1.823056
1.957262
1.927146
1.843851
1.880464
1.964070
1.844028
1.842671
1.901331
1.848104
1.849514
1.867228
2.049922
1.852675
1.868789
1.818986
1.779835
1.796731
1.839942
1.840072
1.868190
1.802196
1.756779
1.639881
1.789237
1.771665
1.812993
1.852907
1.712301
1.753674
1.673036
1.727638
1.780648
1.759782
1.750276
1.838628
1.850496
1.839468
1.724892
1.816638
1.837523
1.756735
1.719519
1.617005
1.779463
1.720991
1.828107
1.700092
1.697248
1.717538
1.654171
1.706636
1.665674
1.621745
1.634467
1.557250
1.594221
1.737743
1.612558
1.694825
1.581782
1.709015
1.676548
1.665878
1.652493
1.637011
1.686070
1.643661
1.694439
1.537060
1.597481
1.669467
1.721205
1.782522
1.620711
1.640009
1.694018
1.537191
1.610629
1.680283
1.665715
1.727778
1.650250
1.666582
1.482601
1.651225
1.448279
1.519148
1.641936
1.644493
1.553611
1.606140
1.653987
1.704225
1.566579
1.700463
1.490465
1.483065
1.754282
1.477309
1.563512
1.599880
1.477896
1.574836
1.589841
1.724979
1.625035
1.593368
1.596029
1.650479
1.458249
1.625828
1.574016
1.453278
1.627414
1.618007
1.599483
1.507731
1.647909
1.579727
1.639405
1.674843
1.445789
1.614983
1.524922
1.558070
1.478664
1.572286
1.490878
1.514839
1.495109
1.345217
1.411355
1.517848
1.514453
1.452129
1.580831
1.664601
1.453401
1.689818
1.509189
1.602297
1.657456
1.448594
1.685389
1.626770
1.461866
1.695498
1.520610
1.527272
1.532532
1.559343
1.474644
1.485881
1.499436
1.635986
1.502929
1.496210
1.679522
1.607575
1.392705
1.498209
1.767971
1.465473
1.677899
1.427878
1.575875
1.556720
1.523946
1.544992
1.500207
1.521770
1.694686
1.552386
1.460093
1.557982
1.545344
1.536556
1.556420
1.434520
1.466510
1.551900
1.487375
1.482133
1.479534
1.520814
1.463901
1.385911
1.547569
1.565256
1.568865
1.498046
1.477012
1.371188
1.472658
1.452443
1.431787
1.367663
1.416534
1.493261
1.360367
1.448568
1.388841
1.425585
1.452134
1.397510
1.317882
1.452679
1.448909
1.455539
1.459324
1.648578
1.525837
1.331573
1.412050
1.528371
1.434394
1.330349
1.571049
1.329851
1.532280
1.503121
1.377693
1.389722
1.453296
1.492003
1.424291
1.402861
1.407330
1.466840
1.462555
1.288041
1.435940
1.281718
1.456953
1.535069
1.489193
1.356704
1.299716
1.255608
1.407055
1.476235
1.381839
1.457842
1.355496
1.527743
1.431312
1.371221
1.391023
1.362716
1.495031
1.457268
1.168759
1.341959
1.415303
1.300649
1.401716
1.251804
1.297213
1.411040
1.455205
1.360412
1.333912
1.289189
1.301579
1.358852
1.542766
1.321467
1.510724
1.326022
1.535077
1.360260
1.173004
1.246329
1.504643
1.299700
1.401728
1.285798
1.306973
1.356970
1.283231
1.261367
1.380619
1.380360
1.312961
1.271224
1.188275
1.219812
1.296244
1.425577
1.357845
1.325421
1.220877
1.534741
1.178584
1.307969
1.075444
1.376611
1.305438
1.373520
1.198653
1.255786
1.239388
1.160796
1.396232
1.221326
1.306042
1.198203
1.258245
1.260901
1.233727
1.071461
1.240118
1.286994
1.243732
1.252273
0.968925
1.126188
1.435416
1.249620
1.356532
1.242109
1.373135
1.271743
1.481218
1.245480
1.235018
1.229736
1.288874
1.256463
1.185558
0.961634
1.303988
1.222334
1.357076
1.235510
1.299563
1.125335
1.377585
1.355119
1.151582
1.471554
1.250412
1.333283
1.243031
1.285362
1.237311
1.310833
1.268406
1.330179
1.179716
1.251557
1.284308
1.300548
1.065398
1.052526
1.198906
1.228363
1.285658
1.253236
1.200757
1.209864
1.229190
1.263175
1.353149
1.260111
1.209150
1.360922
1.483254
1.371742
1.206739
1.293322
1.327784
1.255736
1.105627
1.251883
1.143588
1.112049
1.347912
1.122975
1.380936
1.218994
1.319581
1.077391
1.163747
1.211072
1.185764
1.329999
1.304967
1.392361
1.130754
1.108962
1.088948
1.340506
1.093305
1.196591
1.124823
1.100000
1.171264
1.195560
1.346949
1.145308
1.194082
1.316330
1.302510
1.454949
1.093880
1.358674
1.241357
1.189653
1.348328
1.298207
1.305802
1.241724
1.215401
1.218022
1.048562
1.169687
1.210972
1.190836
1.248278
1.105898
1.254815
1.136193
1.143872
1.152029
1.050361
1.362431
1.130096
1.050680
1.115825
1.064819
1.191573
1.114833
1.066756
1.069519
1.023695
1.133958
1.199212
0.923552
1.258308
1.158677
1.035669
1.035992
1.183133
1.112643
1.225863
1.313435
1.025520
1.068737
1.025683
1.303648
1.127225
1.166696
1.148803
1.161822
1.313894
1.322762
1.017077
1.126917
1.098870
1.164883
1.247856
1.098869
1.156571
1.074719
1.123971
1.008322
1.342891
1.165593
1.085407
1.175016
1.034126
1.171188
1.310509
1.150902
1.048051
1.313953
1.006659
1.078991
1.120460
1.126209
1.291098
1.175908
1.135440
1.181402
1.061796
1.051447
1.190642
1.277757
1.057873
1.345748
1.097609
1.049097
1.021247
1.117481
1.023813
1.219687
0.960985
0.792114
0.985899
1.203603
1.045091
1.139550
1.091503
1.027573
1.195927
1.146753
1.058619
1.047610
1.153061
1.073338
1.230472
1.170725
1.279026
1.257257
1.187581
1.150561
1.082102
1.195906
1.187706
1.024434
1.050379
1.241999
0.949950
0.911763
1.107740
1.175979
1.153285
0.957307
0.882106
0.929448
0.878753
1.188708
1.170316
1.023960
0.941848
1.198815
1.086769
0.941604
0.962715
0.946415
1.221539
1.125517
0.954228
0.987726
1.255917
1.010035
0.957111
1.176815
1.072635
1.012121
1.046560
1.031909
0.949750
1.168871
0.883850
1.136788
1.159089
1.052673
1.104876
1.065226
0.976335
1.040420
1.111733
0.998501
0.997895
1.014090
0.813668
1.212980
0.925483
0.979792
1.070605
1.003879
0.871598
1.096415
1.037483
1.043995
1.141486
0.838350
0.997008
1.027774
1.091519
1.311422
1.059707
1.016519
0.974549
1.103562
1.045853
1.012689
1.009324
0.903030
1.029941
1.059742
0.949663
0.848432
0.935061
0.916673
0.809331
1.130009
1.076529
1.086767
0.905867
0.833338
1.001766
1.022966
1.037241
0.884381
1.145969
1.037007
1.125563
0.944904
1.052544
0.745459
1.026804
0.914848
0.993752
0.836328
1.000648
0.743924
1.164712
1.117342
1.017990
0.980518
0.963088
1.029575
1.004170
0.936179
1.109921
0.989961
1.147976
1.181568
1.035740
1.047856
0.923258
1.080929
0.944742
0.994534
1.287392
0.992529
0.972612
0.947305
0.958078
0.955920
1.030303
0.968873
1.163840
1.078461
0.959493
0.971819
0.948649
1.135730
0.745385
0.880720
0.905396
1.087850
1.108848
1.083940
1.025820
0.852092
0.779677
0.866706
1.011394
1.177336
0.980954
0.949557
0.803705
1.015329
1.219052
0.861784
0.841252
0.876449
0.803031
0.969263
0.843444
0.713735
0.787372
0.859345
0.831131
0.846190
0.977152
0.907191
0.928170
1.006522
0.849533
0.865533
0.955061
0.810956
0.801666
0.940572
0.817603
0.924516
0.837512
0.666907
0.814007
0.775807
0.919598
0.867664
0.862293
0.876022
0.923796
0.937830
1.013224
0.841139
0.917898
0.868949
0.976538
0.843088
0.851555
0.994578
0.981223
0.837994
0.929774
0.732482
0.815593
0.792622
0.747407
0.839016
1.108720
0.965125
1.186975
1.013466
1.000263
0.830133
0.864733
0.764547
0.816458
1.014651
0.873128
0.873838
0.811472
0.725396
0.791287
0.915323
0.823826
1.035122
0.873079
0.769878
0.872326
0.942172
1.007324
0.874251
0.901250
0.804474
0.870437
0.883717
0.993803
0.788354
1.002878
0.888838
0.875870
0.832806
0.774581
0.919561
0.825989
1.050358
0.858354
0.876371
1.029770
0.895703
1.043238
0.783088
0.867516
0.876730
0.925994
0.908571
0.928654
0.844584
0.919031
0.900209
0.841591
0.890917
0.933664
0.935411
0.786989
0.791844
0.979524
0.739277
1.096313
0.920393
0.889080
0.962873
0.991022
0.908229
1.003968
0.846715
0.877106
0.892916
0.785507
0.906452
0.765894
0.825362
0.836099
0.855200
0.815463
0.754863
0.831792
1.001961
0.959025
0.999137
0.920059
0.678145
0.972279
0.771842
0.956250
0.841078
0.743730
0.825390
0.909028
0.652743
1.044586
0.935460
1.025564
0.896106
0.727890
0.794289
0.930828
0.770575
0.774052
1.045447
0.764036
0.822194
0.739900
0.855806
0.827350
0.737780
0.818768
0.742519
0.858988
0.724058
0.755290
0.738875
0.912949
0.850043
0.835755
0.961713
0.819879
1.071736
0.964297
0.833151
1.144637
0.799853
0.852849
0.932530
0.860703
0.891410
0.776407
0.854331
0.885967
0.641175
0.907868
0.952219
0.867102
0.878184
0.823650
0.651512
0.987572
0.752171
0.894215
0.799588
0.671992
0.811856
0.688254
0.768319
0.765846
0.781114
0.788352
0.872321
0.913895
0.800126
0.891940
0.858828
0.804819
0.762797
0.970818
0.794778
0.799997
0.844302
0.845452
0.847945
0.775899
0.833123
0.775003
0.612209
0.778262
0.974749
0.894140
1.018817
0.797847
0.813516
0.949679
0.899453
1.004128
0.918847
1.001531
0.753899
0.910454
0.813081
1.218091
0.869367
0.861525
0.812254
0.911196
0.974158
0.921275
0.795189
0.808754
0.916931
0.829260
0.950434
0.748910
0.712979
0.758272
0.775992
0.855415
0.667297
0.714641
0.735664
0.750957
0.837914
0.838277
0.804930
0.762443
0.772098
0.679356
0.852052
0.907624
0.778528
0.857234
0.768631
0.911471
0.795376
0.859455
0.759290
0.806546
0.884534
0.621832
0.766556
0.886831
0.831592
0.723252
0.840854
0.866346
0.751798
0.630619
0.880102
0.840610
0.687257
0.860698
0.952583
0.812931
0.688533
0.754127
0.686300
0.723531
0.904548
0.801123
0.737268
0.952308
0.888328
0.832368
0.853034
0.928312
0.706897
0.879904
0.660156
0.794871
0.666700
0.820045
1.054160
0.930788
0.853317
0.767315
0.739109
0.935395
0.693842
0.771230
0.775073
0.881928
0.677182
0.621801
0.874403
0.951068
0.709941
0.735286
0.818784
0.853571
0.884633
0.747000
0.716537
0.771549
0.713928
0.636448
0.790674
0.778892
0.889436
0.798408
0.638396
0.711397
0.629832
0.627066
0.687182
0.753609
0.797067
0.696943
0.763868
0.662141
0.792009
0.927670
0.834424
0.823044
0.916308
0.643751
0.711128
0.790724
0.800328
0.816253
0.686256
0.917593
0.789452
0.759235
0.796968
0.808256
0.846978
0.759645
0.766066
0.714537
0.900739
0.603201
0.683424
0.984716
0.571799
0.858908
0.966832
0.834564
0.661599
0.757074
0.770169
0.924217
0.751927
0.771808
0.755574
0.769092
0.803174
0.663419
0.732571
0.827265
0.705391
0.725475
0.661467
0.856416
0.686225
0.880459
0.654358
0.749945
0.659879
0.841009
0.832653
0.666791
0.861229
0.846516
0.804893
0.848191
0.596685
0.579181
0.680331
0.726391
0.760549
0.652988
0.768817
0.739567
0.659167
0.673345
0.559098
0.614112
0.678515
0.563490
0.525250
0.625665
0.592123
0.670142
0.622048
0.754918
0.757017
0.560418
0.524368
0.739449
0.864995
0.938874
0.599905
0.807123
0.588262
0.675962
0.600632
0.605443
0.664285
0.742783
0.732017
0.705363
0.833864
0.680631
0.634599
0.753798
0.527418
0.748887
0.808524
0.699100
0.704003
0.648759
0.637778
0.702714
0.661671
0.593634
0.469789
0.619314
0.576395
0.643370
0.589683
0.623726
0.468164
0.689771
0.607317
0.728185
0.766673
0.794071
0.697145
0.704042
0.821684
0.458222
0.702338
0.760402
0.680808
0.706183
0.646405
0.631819
0.775053
0.651729
0.529574
0.577435
0.610061
0.665588
0.492003
0.676042
0.448194
0.462220
0.582972
0.603604
0.681812
0.595843
0.574167
0.570274
0.793357
0.828640
0.772201
0.778986
0.794548
0.542486
0.628510
0.757479
0.700082
0.590702
0.683410
0.721430
0.736150
0.709461
0.799347
0.634341
0.479923
0.649425
0.600156
0.572847
0.744638
0.779305
0.728239
0.744706
0.553528
0.640208
0.809450
0.748026
0.701461
0.738054
0.554911
0.705828
0.685310
0.646951
0.505662
0.600451
0.776639
0.744475
0.618778
0.734539
0.656442
0.586675
0.615891
0.691762
0.762707
0.615688
0.817959
0.592391
0.627894
0.727567
0.737413
0.794217
0.633855
0.593966
0.547859
0.628312
0.661485
0.642984
0.657753
0.631421
0.584087
0.654755
0.752511
0.871033
0.537545
0.824415
0.515290
0.594176
0.722350
0.596062
0.603050
0.630297
0.644316
0.694523
0.621584
0.613680
0.557031
0.677758
0.703235
0.717282
0.599473
0.483728
0.502690
0.452116
0.488980
0.614353
0.412888
0.752626
0.703387
0.494368
0.751857
0.670231
0.583686
0.562681
0.700150
0.533984
0.734712
0.752554
0.571739
0.699131
0.475684
0.538513
0.649074
0.563717
0.533389
0.563711
0.807851
0.621552
0.784278
0.762531
0.720533
0.794688
0.725180
0.630373
0.710333
0.578405
0.550842
0.651570
0.552148
0.659865
0.548211
0.568057
0.654306
0.629823
0.746167
0.623779
0.782403
0.554156
0.619097
0.630360
0.506968
0.605732
0.671954
0.609158
0.583125
0.633503
0.683335
0.597554
0.820970
0.722472
0.689654
0.664666
0.747330
0.756748
0.579751
0.638687
0.541868
0.584687
0.649577
0.779734
0.865608
0.741532
0.665896
0.610035
0.720205
0.703098
0.747390
0.625297
0.680202
0.652329
0.818285
0.542583
0.624172
0.572413
0.516321
0.667781
0.673282
0.705875
0.439309
0.700307
0.503532
0.648926
0.620515
0.711242
0.529254
0.561096
0.804438
0.679537
0.682206
0.923760
0.451380
0.611988
0.598648
0.695972
0.710635
0.661436
0.714657
0.683479
0.455527
0.583700
0.661974
0.656316
0.742643
0.631994
0.709048
0.690438
0.587212
0.509557
0.687833
0.751464
0.604317
0.638506
0.707325
0.525884
0.635683
0.647945
0.672532
0.605707
0.566358
0.389836
0.592789
0.575101
0.607180
0.673757
0.588533
0.562375
0.745558
0.610796
0.666925
0.623719
0.629124
0.706958
0.691274
0.715966
0.658186
0.830976
0.727153
0.538968
0.741900
0.580629
0.713153
0.547997
0.584746
0.485581
0.747972
0.848344
0.580537
0.639468
0.729676
0.636726
0.543416
0.505306
0.880784
0.553699
0.700825
0.635790
0.711736
0.470267
0.854841
0.674380
0.782534
0.714531
0.689789
0.617651
0.616997
0.595521
0.520050
0.543761
0.589429
0.715884
0.773167
0.609789
0.573737
0.763978
0.508479
0.604756
0.542007
0.614100
0.666986
0.551945
0.587817
0.698609
0.674130
0.743764
0.528266
0.722493
0.579868
0.446517
0.715829
0.524013
0.665922
0.536178
0.635086
0.598319
0.567848
0.657356
0.603889
0.626754
0.865341
0.614647
0.633574
0.698876
0.625652
0.602402
0.522992
0.716160
0.618008
0.814767
0.671388
0.642355
0.356402
0.696852
0.539203
0.514882
0.630318
0.608015
0.582418
0.419992
0.411587
0.434924
0.442413
0.482947
0.470749
0.548861
0.459419
0.478189
0.584755
0.507869
0.365736
0.516122
0.432469
0.554780
0.380253
0.549120
0.491169
0.493508
0.470931
0.526189
0.510679
0.405438
0.610985
0.414276
0.474625
0.469593
0.492139
0.579784
0.536592
0.558620
0.453379
0.362844
0.470056
0.466900
0.640767
0.487426
0.401036
0.390934
0.523578
0.490170
0.452473
0.354183
0.317398
0.587399
0.555610
0.528712
0.509140
0.433446
0.502663
0.440161
0.446892
0.497868
0.341400
0.417209
0.569553
0.445311
0.509824
0.381228
0.518219
0.488585
0.589953
0.563304
0.531810
0.320566
0.418340
0.427172
0.413605
0.528432
0.474763
0.481178
0.306269
0.400167
0.466185
0.560926
0.405227
0.413784
0.354802
0.716421
0.523512
0.431896
0.567182
0.529269
0.587356
0.414102
0.505817
0.502554
0.508114
0.582276
0.558337
0.718748
0.510857
0.473319
0.549469
0.572986
0.602974
0.487476
0.436302
0.444808
0.558808
0.518645
0.479626
0.468797
0.768333
0.425784
0.596725
0.337271
0.621481
0.466206
0.562374
0.488143
0.518701
0.395259
0.484306
0.488722
0.547317
0.567544
0.428036
0.568655
0.492869
0.375269
0.543910
0.522555
0.595191
0.582385
0.434531
0.468789
0.433436
0.393155
0.410469
0.493152
0.529307
0.553091
0.506713
0.332333
0.404698
0.513541
0.570796
0.628058
0.388261
0.337094
0.414640
0.536437
0.436443
0.554956
0.470914
0.531115
0.427502
0.682418
0.508327
0.694462
0.384619
0.483116
0.428018
0.391305
0.362467
0.508081
0.590063
0.486938
0.540041
0.550043
0.535167
0.574819
0.491228
0.743126
0.876510
0.404040
0.545429
0.630754
0.606109
0.641699
0.599539
0.662427
0.625738
0.633067
0.594429
0.440653
0.522030
0.550299
0.490811
0.476977
0.335605
0.376017
0.495677
0.466594
0.424724
0.426405
0.396825
0.611202
0.585890
0.634701
0.391074
0.413848
0.444792
0.565260
0.398584
0.597132
0.510389
0.561311
0.635499
0.440751
0.514705
0.519830
0.536236
0.645745
0.484824
0.476019
0.601446
0.524431
0.396675
0.481918
0.457631
0.540569
0.506979
0.573722
0.399498
0.388327
0.599059
0.354127
0.483346
0.471421
0.611141
0.544071
0.399974
0.534788
0.418503
0.532837
0.509588
0.575598
0.540696
0.463921
0.529574
0.619337
0.452631
0.490298
0.528164
0.577919
0.669164
0.679097
0.643755
0.413809
0.506171
0.589784
0.555514
0.432611
0.681943
0.565706
0.581529
0.552321
0.502621
0.476688
0.574018
0.393329
0.501229
0.383165
0.535235
0.420907
0.501559
0.563669
0.340382
0.563965
0.545479
0.631594
0.616349
0.447485
0.503161
0.413413
0.349793
0.545449
0.603860
0.515141
0.568106
0.578699
0.422425
0.739359
0.448769
0.533082
0.526865
0.464571
0.433177
0.510587
0.439315
0.509654
0.585093
0.451137
0.448130
0.606066
0.496457
0.476665
0.399083
0.473941
0.461187
0.398100
0.499394
0.470842
0.444048
0.627247
0.579970
0.428285
0.577225
0.355151
0.409905
0.472820
0.456003
0.424710
0.425690
0.579535
0.553778
0.680724
0.515401
0.491855
0.552550
0.466759
0.373755
0.387929
0.662189
0.541885
0.566769
0.462201
0.464923
0.529343
0.523726
0.423268
0.547903
0.505645
0.589039
0.430422
0.508943
0.475404
0.605148
0.489501
0.527394
0.468801
0.448714
0.410183
0.512919
0.477000
0.548430
0.484078
0.549377
0.627739
0.505045
0.562463
0.630412
0.746510
0.509980
0.622332
0.452820
0.597980
0.271500
0.450765
0.468852
0.410497
0.564831
0.714303
0.510044
0.663159
0.643042
0.564415
0.529314
0.485661
0.632235
0.598611
0.585010
0.543492
0.658390
0.652097
0.559740
0.413894
0.598366
0.507858
0.787433
0.626767
0.487283
0.519010
0.626957
0.597218
0.453160
0.622136
0.329432
0.511953
0.485610
0.534549
0.423826
0.496003
0.472077
0.657138
0.266155
0.502348
0.472324
0.506800
0.381792
0.348279
0.395457
0.364151
0.304665
0.374153
0.292333
0.345707
0.328631
0.244708
0.278251
0.335535
0.222835
0.316727
0.181747
0.312130
0.295355
0.247918
0.225099
0.391605
0.197821
0.370477
0.394951
0.244375
0.475438
0.514996
0.386929
0.342899
0.432767
0.431362
0.397364
0.491013
0.199962
0.411633
0.488730
0.338630
0.302794
0.477534
0.291950
0.317000
0.365219
0.407572
0.571663
0.444981
0.348595
0.329571
0.355736
0.382184
0.499680
0.390154
0.524049
0.303533
0.327239
0.318598
0.480062
0.294667
0.356238
0.312389
0.368658
0.432655
0.393659
0.344181
0.448472
0.382823
0.438438
0.467490
0.328204
0.357955
0.357143
0.307960
0.381133
0.283602
0.364935
0.393754
0.259642
0.286610
0.425801
0.257131
0.364346
0.486978
0.311997
0.436380
0.384472
0.596829
0.335290
0.234479
0.202319
0.356516
0.241497
0.366645
0.491122
0.345417
0.379538
0.283427
0.391449
0.374535
0.291553
0.319033
0.242456
0.476507
0.364472
0.341914
0.379272
0.316917
0.325528
0.407378
0.490955
0.324226
0.341818
0.360176
0.369370
0.345532
0.297530
0.427192
0.278938
0.401351
0.259216
0.317538
0.426689
0.364320
0.311200
0.253162
0.431136
0.360362
0.433712
0.411501
0.323238
0.370385
0.303383
0.333687
0.468664
0.388293
0.419436
0.470021
0.400625
0.360352
0.353065
0.336833
0.375208
0.447348
0.398260
0.370150
0.305136
0.496767
0.315867
0.407269
0.488676
0.457052
0.465622
0.478922
0.303753
0.357497
0.389046
0.392572
0.450901
0.494601
0.425472
0.476279
0.473893
0.417395
0.331771
0.350705
0.335530
0.462607
0.371688
0.379283
0.399902
0.352048
0.411340
0.400539
0.278440
0.378762
0.511208
0.344881
0.314081
0.375902
0.447909
0.334649
0.336176
0.323357
0.496185
0.522624
0.324972
0.391202
0.467827
0.585510
0.474125
0.317824
0.368681
0.378000
0.487291
0.361224
0.442911
0.377848
0.358368
0.600138
0.443683
0.509445
0.464538
0.422526
0.486435
0.381358
0.517848
0.294095
0.373777
0.560601
0.370067
0.280694
0.303359
0.504150
0.432501
0.499309
0.469250
0.432394
0.411942
0.282616
0.320353
0.330877
0.419224
0.469533
0.349283
0.369901
0.332589
0.426448
0.501081
0.391875
0.393755
0.396050
0.436069
0.276193
0.377969
0.353451
0.248870
0.314714
0.305297
0.324583
0.545820
0.463047
0.280289
0.451850
0.552753
0.342296
0.476695
0.374705
0.421034
0.309972
0.377970
0.267300
0.492915
0.302217
0.573369
0.472209
0.410710
0.465344
0.424040
0.331010
0.360317
0.366294
0.321556
0.370851
0.349772
0.305522
0.385849
0.452738
0.297719
0.389367
0.374663
0.465732
0.346240
0.346174
0.418628
0.448490
0.365767
0.473328
0.325010
0.445655
0.416635
0.462615
0.426662
0.441634
0.346982
0.348504
0.415714
0.649234
0.317287
0.477455
0.326249
0.361970
0.413980
0.325435
0.343736
0.423609
0.438885
0.346553
0.384887
0.459410
0.335019
0.391932
0.392405
0.327137
0.406219
0.347781
0.386881
0.420804
0.387375
0.457248
0.465849
0.549302
0.330110
0.518390
0.529534
0.419468
0.504425
0.511118
0.632677
0.443606
0.473015
0.513373
0.553848
0.333283
0.404302
0.370761
0.409867
0.403861
0.317495
0.384575
0.438596
0.365454
0.323693
0.373086
0.417784
0.370120
0.361426
0.380087
0.401128
0.333313
0.441948
0.325157
0.443016
0.357015
0.370808
0.439734
0.383607
0.319695
0.380841
0.410109
0.312719
0.426476
0.395646
0.397169
0.310634
0.429451
0.482310
0.412686
0.388255
0.577914
0.352912
0.306414
0.350251
0.431611
0.407277
0.437341
0.442131
0.467396
0.513577
0.296250
0.337884
0.327109
0.469874
0.300394
0.403335
0.334735
0.370522
0.368161
0.425971
0.404513
0.349550
0.351510
0.443332
0.452184
0.381676
0.310898
0.344037
0.254180
0.409816
0.531412
0.346715
0.350262
0.357824
0.251625
0.239664
0.316148
0.233412
0.226756
0.259098
0.167558
0.278063
0.235912
0.274737
0.295335
0.323581
0.240957
0.192463
0.232322
0.153776
0.257786
0.205071
0.366989
0.139406
0.362249
0.209997
0.251686
0.201318
0.252604
0.226573
0.195674
0.267594
0.130420
0.221428
0.267218
0.278705
0.144727
0.264176
0.260409
0.441127
0.145541
0.236304
0.262004
0.236460
0.107471
0.100264
0.248579
0.283041
0.220442
0.256020
0.303180
0.224827
0.221968
0.184695
0.233190
0.165086
0.339235
0.307560
0.191510
0.252657
0.275760
0.316760
0.313597
0.213335
0.262795
0.248096
0.243040
0.216077
0.221361
0.244828
0.174209
0.287793
0.313491
0.302461
0.297893
0.316431
0.244131
0.273338
0.335008
0.273736
0.181627
0.226943
0.227558
0.324339
0.198878
0.213588
0.353301
0.401697
0.244885
0.245611
0.298507
0.316260
0.234303
0.246950
0.348905
0.230868
0.245009
0.296254
0.200371
0.257199
0.237909
0.261085
0.229965
0.278727
0.220133
0.258626
0.347316
0.137562
0.296771
0.356338
0.373771
0.320898
0.378791
0.357149
0.306428
0.240418
0.257002
0.127437
0.216914
0.237928
0.267196
0.394997
0.373563
0.251990
0.312329
0.314626
0.351178
0.251810
0.337984
0.317419
0.241842
0.314610
0.187671
0.192769
0.305982
0.292122
0.218432
0.217931
0.262872
0.315825
0.229118
0.244744
0.252821
0.326343
0.195674
0.290160
0.386834
0.369614
0.125832
0.252544
0.416070
0.263504
0.387176
0.444152
0.251979
0.191048
0.247507
0.265987
0.305646
0.265038
0.238504
0.244477
0.328225
0.263148
0.353222
0.295001
0.350902
0.329593
0.396361
0.182245
0.369468
0.279009
0.197844
0.267397
0.251218
0.310723
0.412481
0.353173
0.317114
0.197195
0.213889
0.244231
0.276774
0.238555
0.234908
0.233386
0.299057
0.235937
0.171825
0.275139
0.262783
0.185870
0.240104
0.163170
0.169698
0.328325
0.109110
0.148981
0.464971
0.296868
0.324503
0.450244
0.364057
0.287438
0.230917
0.243893
0.324312
0.286081
0.450768
0.145054
0.208390
0.330711
0.258055
0.245036
0.261209
0.232184
0.322070
0.335637
0.415640
0.245424
0.314858
0.207798
0.285273
0.313327
0.237387
0.285034
0.304749
0.378269
0.283840
0.270921
0.223914
0.193819
0.282924
0.332073
0.242825
0.265604
0.287062
0.244990
0.332318
0.370899
0.170441
0.190757
0.247460
0.376005
0.263616
0.306138
0.215114
0.206851
0.271433
0.185458
0.312443
0.313392
0.230064
0.273195
0.424472
0.403837
0.421243
0.278503
0.162378
0.253882
0.232011
0.329343
0.354995
0.234876
0.193688
0.349569
0.178505
0.351623
0.366321
0.317636
0.247317
0.327709
0.283267
0.352903
0.314166
0.304618
0.263171
0.262957
0.347754
0.403454
0.345213
0.247692
0.265263
0.352693
0.219382
0.247578
0.357790
0.362506
0.407540
0.314961
0.315796
0.444939
0.332421
0.250942
0.449446
0.255459
0.412878
0.245055
0.356183
0.353184
0.291325
0.349144
0.331605
0.400488
0.233422
0.210703
0.263062
0.320843
0.270245
0.289676
0.326704
0.474032
0.268889
0.196640
0.330305
0.213423
0.383743
0.320872
0.401723
0.322598
0.243029
0.262246
0.230399
0.363017
0.335874
0.239786
0.460410
0.261920
0.298176
0.199493
0.254571
0.195930
0.320556
0.223575
0.284942
0.246745
0.341951
0.320308
0.340041
0.281257
0.159327
0.161750
0.250100
0.406050
0.293139
0.260223
0.280192
0.260382
0.286462
0.329702
0.210119
0.202571
0.379463
0.240538
0.256293
0.293559
0.220213
0.254485
0.262157
0.256865
0.412401
0.288194
0.339497
0.415229
0.235079
0.300941
0.386075
0.212611
0.229133
0.358246
0.296971
0.282438
0.408657
0.341442
0.268166
0.325581
0.221566
0.207365
0.406174
0.343793
0.482327
0.323271
0.299659
0.495708
0.400608
0.339037
0.411312
0.248129
0.286104
0.364689
0.285074
0.515493
0.195524
0.172736
0.216669
0.255699
0.194613
0.252830
0.145706
0.186796
0.264054
0.174319
0.137071
0.193587
0.119243
0.159177
0.123502
0.133468
0.196274
0.127150
0.128588
0.150214
0.198336
0.124142
0.132485
0.164770
0.106206
0.303697
0.144412
0.160636
0.238436
0.311227
0.162462
0.196182
0.201566
0.088657
0.336554
0.109977
0.088306
0.189989
0.230088
0.169305
0.231811
0.225250
0.243519
0.257065
0.166787
0.131225
0.142484
0.132526
0.240303
0.223050
0.229362
0.228391
0.159431
0.248368
0.182261
0.092979
0.182433
0.134798
0.200864
0.155120
0.178580
0.170577
0.400044
0.192612
0.240292
0.143961
0.275574
0.161671
0.223238
0.127730
0.284807
0.193575
0.180460
0.219772
0.145641
0.224855
0.313564
0.207759
0.112103
0.243553
0.175568
0.215968
0.195130
0.193223
0.138102
0.270472
0.167644
0.242593
0.188045
0.047618
0.175933
0.155133
0.218520
0.178199
0.188072
0.154102
0.139091
0.181641
0.174301
0.137801
0.209154
0.178935
0.153368
0.265405
0.140146
0.152273
0.183075
0.138648
0.250128
0.172128
0.199097
0.377273
0.358946
0.171135
0.187564
0.257968
0.158163
0.261532
0.219104
0.183267
0.319937
0.303687
0.142072
0.179743
0.230327
0.336613
0.209766
0.113298
0.245115
0.272125
0.252248
0.302327
0.252403
0.160473
0.272770
0.217066
0.200032
0.221100
0.242213
0.261623
0.167383
0.151946
0.271323
0.208587
0.294627
0.241007
0.382303
0.162167
0.251972
0.312032
0.160221
0.253288
0.199036
0.178600
0.177074
0.213890
0.364812
0.196449
0.185009
0.137703
0.145249
0.130076
0.303279
0.248041
0.204498
0.265930
0.237118
0.206091
0.208288
0.284589
0.194468
0.168158
0.205265
0.342246
0.270937
0.197842
0.145068
0.141895
0.157508
0.248747
0.166002
0.155455
0.163481
0.281571
0.226178
0.150717
0.180958
0.267476
0.193997
0.222741
0.246643
0.095741
0.212704
0.199816
0.131307
0.257129
0.242373
0.233930
0.197152
0.136366
0.251671
0.144064
0.233812
0.199428
0.115445
0.178509
0.245387
0.133970
0.271969
0.351513
0.138789
0.173154
0.225623
0.251839
0.273689
0.183113
0.263255
0.155162
0.227526
0.135352
0.291644
0.177820
0.132612
0.198625
0.234258
0.300587
0.337717
0.192717
0.174032
0.207162
0.143100
0.196393
0.225016
0.137203
0.242651
0.197203
0.296712
0.209057
0.118881
0.263301
0.204040
0.263127
0.184661
0.272404
0.210965
0.156425
0.274366
0.148992
0.139336
0.156409
0.368566
0.160261
0.224413
0.176308
0.181033
0.278173
0.256653
0.250505
0.163396
0.118103
0.260999
0.225803
0.359029
0.231541
0.324720
0.136711
0.218603
0.231864
0.119308
0.227044
0.184678
0.267240
0.225620
0.237906
0.214215
0.340657
0.170669
0.193227
0.172705
0.192891
0.315110
0.167543
0.316654
0.186668
0.229716
0.118105
0.192769
0.200476
0.171419
0.333732
0.234706
0.235047
0.131543
0.263068
0.243242
0.242019
0.284906
0.191520
0.201448
0.225151
0.188545
0.220598
0.236971
0.262430
0.119541
0.182017
0.203585
0.180127
0.152191
0.103790
0.267267
0.106512
0.152621
0.183050
0.215132
0.231045
0.211390
0.120025
0.242238
0.181266
0.183391
0.229557
0.089617
0.259816
0.285460
0.270946
0.135325
0.151608
0.205871
0.124578
0.143591
0.225553
0.223634
0.244706
0.329891
0.266556
0.204891
0.196356
0.203153
0.265466
0.242237
0.246758
0.343956
0.235014
0.310213
0.181075
0.203544
0.294534
0.261048
0.272155
0.222466
0.282035
0.338548
0.290619
0.218640
0.255844
0.193420
0.173847
0.110393
0.228489
0.387186
0.111532
0.167202
0.299398
0.283816
0.171620
0.255286
0.193116
0.261305
0.429823
0.203181
0.248405
0.178994
0.203052
0.238629
0.355217
0.194854
0.108423
0.219287
0.276053
0.249754
0.361543
0.203309
0.117594
0.162186
0.173926
0.197700
0.259199
0.317914
0.267397
0.246620
0.179193
