2.716809
2.268877
2.218594
2.060131
2.026994
1.955672
1.982940
1.962496
1.783299
1.705305
1.808807
1.758920
1.748382
1.731783
1.717591
1.816560
1.657788
1.667321
1.721762
1.727494
1.529442
1.791920
1.446786
1.618196
1.447556
1.775158
1.737988
1.525188
1.740326
1.702977
1.605150
1.610444
1.625728
1.495572
1.467891
1.537461
1.444085
1.594330
1.710340
1.456084
1.527607
1.436022
1.365020
1.608876
1.531523
1.411019
1.504221
1.777086
1.443654
1.346034
1.433444
1.390317
1.491227
1.481354
1.402305
1.505103
1.480719
1.411299
1.365051
1.450762
1.387850
1.473996
1.406526
1.350677
1.490372
1.443582
1.105662
1.444829
1.515236
1.357859
1.485569
1.412041
1.560436
1.384019
1.474486
1.369308
1.526807
1.262873
1.352006
1.378363
1.331447
1.338581
1.417293
1.237715
1.331388
1.405004
1.440607
1.448093
1.389367
1.253610
1.522869
1.387331
1.416032
1.388697
1.334850
1.037177
1.335682
1.213482
1.381633
1.304693
1.316216
1.247565
1.366149
1.432352
1.330279
1.418826
1.420889
1.429981
1.344063
1.212507
1.392505
1.287209
1.287622
1.243373
1.118359
1.312989
1.347268
1.260781
1.253209
1.138503
1.240824
1.303204
1.495223
1.275370
1.364523
1.166359
1.296859
1.370123
1.301148
1.293582
1.339358
1.322524
1.247555
1.313704
1.210375
1.242528
1.349020
1.315862
1.255107
1.366515
1.113738
1.153308
1.211638
1.177776
1.098534
1.247873
1.225347
1.180040
1.158683
1.140863
1.269607
1.225137
1.172591
1.071505
1.276089
1.148047
1.320699
1.146450
1.290728
1.293195
1.138014
1.245235
1.266962
1.097230
1.172928
1.100362
1.110651
1.226743
1.034214
1.127706
1.068635
1.188828
1.131806
1.111293
1.154825
1.151415
1.082374
1.116501
1.080728
0.905658
1.024683
1.188640
1.170929
1.265587
0.966179
1.298438
1.125150
1.184805
0.994615
1.036209
1.160922
1.148488
1.292108
1.159131
1.041154
1.068032
1.010233
1.059856
1.105433
1.180346
1.152205
1.235967
1.236658
1.190030
0.942685
1.248043
1.019150
1.156352
1.240634
1.029047
1.097375
1.040572
1.091392
1.093102
1.098465
1.132284
1.186494
1.080561
1.024107
1.162817
1.083760
0.958320
1.055171
0.996989
1.145083
1.209472
0.999655
1.095688
1.018987
0.885018
0.979669
1.167710
1.023855
1.213078
0.930391
0.958907
0.936514
1.078180
1.173764
1.106569
0.866056
0.961770
0.926090
1.087398
0.932971
0.889191
1.034182
1.078686
0.988424
1.159649
0.995449
1.153097
1.056486
0.892740
1.288685
1.086999
1.016729
1.167535
1.007027
1.032104
1.164267
1.123039
1.036794
0.944087
1.038799
1.217404
1.114516
0.964406
1.192779
1.211779
0.917048
1.022351
1.043797
1.027584
1.162795
1.005307
1.031758
1.030110
1.003634
0.884356
1.040442
0.994914
1.086375
1.005049
0.981439
1.024197
1.041932
1.097857
1.136503
1.010962
1.019249
1.083597
0.872026
1.067116
0.941196
1.134730
1.102932
0.904814
1.091984
1.115949
1.115926
1.044123
1.113063
0.832833
1.136756
0.906904
0.901278
1.009408
1.037475
0.974384
0.965000
0.927798
0.938403
0.847433
0.877722
0.824119
0.877454
1.019720
0.970432
1.061555
1.063401
1.115452
0.970506
0.782624
0.919194
1.072695
1.082089
0.809825
1.015786
0.876826
0.950229
0.973338
0.867672
1.027491
1.014347
0.954091
0.840497
1.084760
1.026143
0.960733
0.953464
0.835461
0.996957
0.839432
0.994901
0.932591
1.046917
0.862177
0.930351
0.863369
0.885154
0.934931
1.073960
1.108026
1.014196
1.134734
0.876155
1.036919
1.045087
0.965669
1.080011
0.900232
0.864886
0.930720
1.026158
0.894107
0.946325
0.851774
0.851690
0.867880
0.869418
0.875278
0.813878
0.896695
0.836005
0.876842
0.846619
0.931657
0.978202
0.855266
0.889109
0.936631
0.636343
0.787750
1.128016
1.063672
0.889774
0.810950
0.997080
0.988640
0.711937
0.672867
0.733814
0.972567
0.831322
0.844723
0.673315
0.759093
0.866082
0.895038
0.911823
0.949109
0.602746
0.910836
0.806446
0.854527
0.716724
0.896800
0.815104
0.870092
0.867340
0.719359
0.763123
0.829588
0.889499
0.786494
0.852460
0.863437
0.716866
0.851626
0.816019
0.608324
0.844473
0.902429
0.732864
0.781912
0.670385
0.688033
0.991554
0.726107
0.988940
0.832943
0.770884
0.825721
0.939868
0.785541
0.787338
0.824694
0.801506
0.783345
0.926786
0.676305
1.020004
0.767273
0.859065
0.853703
0.769979
0.829981
0.940701
0.838971
0.769099
0.937637
0.772421
0.851130
0.787593
0.903960
0.704827
0.731272
0.804728
0.747440
0.845358
0.783499
0.743983
0.788836
0.722319
0.686847
0.797748
0.809754
0.870261
0.886258
0.874030
0.799461
0.887573
0.810831
0.859631
0.719686
0.843659
1.026938
0.839084
0.910759
0.855583
0.882676
0.773836
0.917578
0.825633
0.773589
0.678168
0.733298
0.766098
0.806952
0.853476
0.856016
0.852358
0.739804
0.713661
0.809624
0.804330
1.055220
0.830346
0.879178
0.663041
0.697289
0.698226
0.875215
0.731044
0.721984
0.731420
0.831078
0.751992
0.727838
0.920955
0.702744
0.803113
0.921366
0.891682
0.805247
0.779121
1.015653
0.840868
0.643500
0.917058
0.788796
0.898746
0.702753
0.767294
0.682926
0.609128
0.713774
0.759891
0.811251
1.007058
0.859684
0.728523
0.617297
0.741978
0.797615
0.714184
0.825324
0.701188
0.782744
0.822543
0.840322
0.750952
0.757641
0.660585
0.733825
0.691043
0.763363
0.743410
0.701979
0.966268
0.824498
0.706752
0.611221
0.742872
0.832117
0.752560
0.747564
0.632720
0.677217
0.694966
0.933354
0.722958
0.717173
0.770223
0.795043
0.841665
0.841903
0.616935
0.746120
0.789416
0.833606
0.878082
0.672433
0.802833
0.774234
0.814142
0.632136
0.694931
0.830695
0.737798
0.818511
0.621540
0.799008
0.707594
0.787699
0.723922
0.822107
0.588717
0.833485
0.710977
0.640808
0.744549
0.845893
0.594251
0.827378
0.761024
0.647595
0.940386
0.692311
0.748873
0.833656
0.738861
0.658439
0.785740
0.721020
0.698217
0.940903
0.789050
0.495581
0.777880
0.792483
0.801573
0.761479
0.729393
0.741261
0.778360
0.800751
0.829386
0.715635
0.697807
0.795992
0.748717
0.739959
0.869488
0.685071
0.792281
0.893604
0.780988
0.695665
0.703313
0.648638
0.630844
0.741219
0.728822
0.832964
0.704589
0.596147
0.754455
0.670037
0.654931
0.656597
0.505459
0.872393
0.697154
0.790256
0.675632
0.780431
0.647656
0.714744
0.590087
0.669830
0.833070
0.790425
0.708815
0.828260
0.917227
0.776471
0.796099
0.900770
0.706583
0.759020
0.754076
0.672047
0.715686
0.779117
0.621307
0.666406
0.726091
0.726955
0.836188
0.867626
0.730003
0.632441
0.684166
0.626041
0.832101
0.640173
0.589656
0.835808
0.585494
0.695540
0.821939
0.671798
0.585656
0.715404
0.699985
0.680298
0.791112
0.582391
0.688066
0.720707
0.591370
0.944722
0.628331
0.839764
0.713276
0.656321
0.754275
0.658709
0.584826
0.610342
0.715055
0.700391
0.690855
0.645074
0.747534
0.584407
0.518968
0.753025
0.729570
0.840096
0.718922
0.595998
0.708957
0.592016
0.761282
0.651363
0.696751
0.645400
0.798195
0.712540
0.646311
0.480871
0.663787
0.685459
0.754976
0.589624
0.760696
0.644117
0.773349
0.848513
0.700023
0.682126
0.647074
0.632199
0.627898
0.717793
0.710543
0.640126
0.760093
0.694999
0.558361
0.613809
0.728945
0.836762
0.708908
0.636066
0.991089
0.682295
0.708800
0.665383
0.747605
0.664957
0.702514
0.689424
0.900649
0.697660
0.625174
0.661970
0.673687
0.889101
0.545059
0.637271
0.619400
0.780648
0.813725
0.660088
0.649689
0.585985
0.636074
0.586509
0.710758
0.719047
0.596249
0.676484
0.712626
0.732608
0.898960
0.658568
0.601497
0.627900
0.444438
0.548585
0.494610
0.479644
0.584956
0.531348
0.616447
0.567013
0.647635
0.635269
0.691550
0.614301
0.569884
0.626746
0.579694
0.609180
0.507106
0.712058
0.403076
0.557179
0.540098
0.385934
0.508175
0.565677
0.595078
0.601643
0.525935
0.651349
0.592009
0.705942
0.526858
0.542509
0.511252
0.624894
0.731385
0.525827
0.521174
0.493028
0.420801
0.569764
0.526675
0.404410
0.517640
0.436049
0.464398
0.590770
0.621233
0.685555
0.756661
0.593007
0.650851
0.539587
0.578722
0.476167
0.620806
0.640397
0.453817
0.474679
0.573071
0.384375
0.573938
0.553435
0.510805
0.559444
0.486603
0.500163
0.460740
0.677196
0.681103
0.531252
0.649328
0.543395
0.548036
0.488954
0.607771
0.553521
0.679048
0.695343
0.696343
0.471834
0.513968
0.586640
0.625916
0.756657
0.586277
0.642870
0.728708
0.506965
0.671443
0.537408
0.541679
0.546666
0.619128
0.468316
0.549463
0.460956
0.675223
0.788180
0.617442
0.519089
0.730728
0.687979
0.557693
0.549815
0.692540
0.632783
0.780235
0.589679
0.470907
0.658005
0.546284
0.548243
0.689197
0.600890
0.540068
0.713727
0.494020
0.651439
0.446334
0.501382
0.593593
0.592863
0.542060
0.553658
0.533695
0.792163
0.480656
0.677348
0.620939
0.416120
0.654750
0.526470
0.717628
0.782599
0.402910
0.555194
0.689391
0.445799
0.645731
0.703155
0.597427
0.539775
0.449570
0.606203
0.620204
0.547014
0.590726
0.622295
0.658056
0.644650
0.420642
0.573240
0.648863
0.539797
0.562498
0.532299
0.703974
0.629798
0.501496
0.540103
0.594462
0.477521
0.477352
0.661699
0.445620
0.716352
0.566355
0.445787
0.671813
0.598006
0.662375
0.539064
0.440594
0.629548
0.563237
0.572841
0.619774
0.551683
0.575711
0.663246
0.673027
0.643799
0.695857
0.497059
0.706499
0.543940
0.569487
0.561769
0.475894
0.591244
0.389609
0.533456
0.625676
0.508898
0.527235
0.674079
0.516489
0.487597
0.535029
0.582684
0.618438
0.560145
0.645678
0.617129
0.481081
0.537267
0.529176
0.569650
0.581634
0.609381
0.529267
0.462309
0.476862
0.611043
0.608007
0.730426
0.584716
0.503487
0.589146
0.630631
0.717952
0.607828
0.698827
0.578632
0.639106
0.603320
0.675796
0.500136
0.579966
0.524802
0.551567
0.599167
0.538642
0.508741
0.533460
0.618378
0.663814
0.594465
0.502675
0.521381
0.453687
0.530109
0.584819
0.474024
0.415585
0.534229
0.543381
0.413702
0.568565
0.604429
0.554226
0.644240
0.401766
0.563094
0.722302
0.462664
0.532484
0.485177
0.572417
0.407341
0.522467
0.481559
0.545496
0.588591
0.412144
0.511424
0.675815
0.554271
0.516980
0.485349
0.506740
0.573167
0.517503
0.542972
0.615820
0.528964
0.711296
0.643879
0.650439
0.473333
0.471944
0.585867
0.441194
0.559720
0.618070
0.578024
0.629974
0.590106
0.547414
0.570118
0.721282
0.542633
0.675345
0.500270
0.673105
0.442643
0.601289
0.802399
0.626929
0.639208
0.566523
0.478352
0.682274
0.462528
0.558188
0.540530
0.703029
0.442732
0.545905
0.741152
0.832867
0.417618
0.617543
0.596362
0.596449
0.544298
0.549736
0.588201
0.554993
0.559617
0.499035
0.583160
0.566808
0.637368
0.582752
0.556608
0.497249
0.480338
0.521252
0.581579
0.531292
0.577074
0.432248
0.536279
0.466642
0.509687
0.654435
0.441577
0.461916
0.721772
0.565443
0.518640
0.466894
0.433693
0.521118
0.605080
0.607679
0.507795
0.557045
0.633383
0.570298
0.585537
0.570894
0.523725
0.534999
0.682290
0.451582
0.493036
0.777328
0.485120
0.541000
0.726245
0.613613
0.397265
0.577816
0.537279
0.589230
0.557413
0.554987
0.519301
0.654019
0.591699
0.521526
0.549463
0.550798
0.528285
0.611134
0.470987
0.612240
0.355604
0.607913
0.541201
0.466164
0.574715
0.641631
0.620147
0.618885
0.525279
0.521797
0.573765
0.646910
0.358031
0.346319
0.403969
0.436903
0.391100
0.395895
0.407782
0.519327
0.379022
0.428779
0.350417
0.374938
0.515152
0.354972
0.413541
0.384881
0.360931
0.403706
0.409906
0.512728
0.395080
0.327385
0.342632
0.407908
0.417720
0.496494
0.329398
0.399238
0.403028
0.307929
0.409629
0.384400
0.338741
0.384763
0.492870
0.266773
0.436940
0.333144
0.380210
0.439478
0.327682
0.357896
0.432048
0.456665
0.361589
0.354055
0.322916
0.434278
0.421614
0.328426
0.328868
0.370840
0.305252
0.307836
0.359182
0.329814
0.328253
0.362587
0.347411
0.441961
0.416797
0.494984
0.434260
0.442284
0.491061
0.281791
0.344993
0.513049
0.374280
0.539978
0.327361
0.405774
0.351986
0.376068
0.357520
0.416328
0.299703
0.421223
0.404149
0.343075
0.247304
0.282573
0.293498
0.396934
0.385471
0.415826
0.344163
0.312814
0.459597
0.429493
0.438518
0.368013
0.345413
0.328803
0.394353
0.373555
0.409215
0.313447
0.402801
0.364740
0.427597
0.335082
0.373645
0.304501
0.342051
0.432894
0.492603
0.352758
0.433518
0.415730
0.442548
0.440597
0.337294
0.325399
0.340522
0.433950
0.403853
0.351326
0.312132
0.289522
0.351022
0.451055
0.294102
0.327416
0.422912
0.439373
0.369773
0.433733
0.338409
0.301289
0.338121
0.372691
0.330966
0.388961
0.356768
0.412654
0.356734
0.426230
0.503847
0.489110
0.329567
0.350228
0.397570
0.355580
0.446828
0.332279
0.384229
0.376192
0.346060
0.350362
0.677237
0.408393
0.334421
0.585780
0.288349
0.340493
0.361397
0.379069
0.440788
0.398718
0.424612
0.341456
0.447798
0.399477
0.330150
0.439335
0.404131
0.439450
0.313549
0.409097
0.392411
0.404609
0.319429
0.372793
0.245078
0.477045
0.554374
0.311930
0.527291
0.385905
0.413054
0.361389
0.433618
0.346375
0.383740
0.478014
0.369665
0.547221
0.278568
0.389360
0.392240
0.284458
0.314574
0.428769
0.507691
0.487491
0.473571
0.468158
0.464691
0.471463
0.529449
0.537501
0.481999
0.421983
0.354782
0.476916
0.359524
0.423964
0.404135
0.408736
0.449901
0.410347
0.480320
0.365829
0.402382
0.456601
0.467764
0.422142
0.418849
0.374055
0.439172
0.489015
0.489349
0.478342
0.459922
0.480859
0.508433
0.529015
0.578377
0.433225
0.475590
0.404210
0.412844
0.353277
0.439407
0.419068
0.382792
0.491888
0.564932
0.504888
0.372455
0.438614
0.419778
0.482691
0.597018
0.540801
0.510683
0.460774
0.560203
0.417230
0.259766
0.416103
0.301448
0.446808
0.465849
0.426871
0.262929
0.395762
0.363941
0.450758
0.412617
0.419035
0.467969
0.470185
0.489747
0.483655
0.455118
0.522994
0.356477
0.270665
0.426766
0.567153
0.561722
0.489407
0.491897
0.555816
0.338900
0.439788
0.380293
0.477277
0.448808
0.387882
0.441021
0.479461
0.287263
0.437559
0.407538
0.505790
0.363332
0.376054
0.531046
0.361527
0.426674
0.535973
0.415421
0.550738
0.461717
0.340400
0.465920
0.464528
0.430383
0.376533
0.472085
0.398230
0.566078
0.475556
0.470685
0.488423
0.405926
0.472803
0.399925
0.457721
0.370647
0.567747
0.477046
0.312972
0.494976
0.526793
0.493305
0.429726
0.406870
0.402372
0.549712
0.486701
0.422475
0.448813
0.431814
0.482608
0.406478
0.343419
0.460277
0.452509
0.431692
0.362452
0.434862
0.367319
0.525254
0.413496
0.477150
0.477663
0.398233
0.530501
0.341337
0.365762
0.339906
0.405686
0.408756
0.445550
0.511625
0.343550
0.484100
0.553792
0.290880
0.446935
0.332997
0.380018
0.535407
0.364216
0.346273
0.516000
0.514515
0.519442
0.320352
0.447160
0.379071
0.410486
0.484946
0.401029
0.459548
0.410771
0.426073
0.472668
0.354172
0.348179
0.542748
0.477320
0.540645
0.486075
0.427335
0.475224
0.418813
0.401959
0.334508
0.414886
0.394738
0.487230
0.440147
0.532681
0.281088
0.410759
0.283356
0.299505
0.329607
0.331352
0.393909
0.219574
0.322949
0.317857
0.271534
0.288161
0.261268
0.304253
0.289129
0.354777
0.282800
0.233834
0.177578
0.280775
0.230563
0.263394
0.204746
0.239041
0.167688
0.356782
0.161602
0.210106
0.242214
0.204080
0.274825
0.247233
0.188551
0.232613
0.248944
0.199389
0.307111
0.260743
0.222953
0.245855
0.223839
0.243004
0.268994
0.201583
0.277457
0.193540
0.187108
0.218741
0.214909
0.217692
0.199078
0.264467
0.218675
0.265731
0.225745
0.205767
0.183760
0.180205
0.174409
0.191756
0.233080
0.212861
0.237572
0.203922
0.213671
0.237181
0.276300
0.231694
0.283470
0.296526
0.216425
0.221120
0.175580
0.143755
0.224667
0.266841
0.256080
0.192363
0.212360
0.265986
0.174561
0.205858
0.245260
0.175297
0.170068
0.234994
0.186789
0.203642
0.323807
0.235570
0.215035
0.256121
0.247872
0.222924
0.249518
0.209990
0.230169
0.344442
0.218163
0.184022
0.139836
0.346042
0.267887
0.215370
0.290392
0.306239
0.216534
0.262897
0.219768
0.225245
0.264703
0.216079
0.261701
0.165145
0.260860
0.162296
0.315517
0.220184
0.155947
0.339065
0.204435
0.177116
0.277810
0.150882
0.208768
0.174910
0.257975
0.273302
0.191872
0.203562
0.275466
0.183866
0.268289
0.269543
0.277535
0.230643
0.221658
0.305036
0.228864
0.263801
0.223385
0.180779
0.294253
0.191463
0.202722
0.188090
0.239769
0.277872
0.228381
0.324642
0.184447
0.201049
0.222054
0.288553
0.263188
0.296458
0.288320
0.213421
0.158333
0.317311
0.218208
0.229749
0.174035
0.245178
0.307727
0.205058
0.302231
0.312130
0.226280
0.442239
0.198727
0.298209
0.366760
0.323172
0.231747
0.339798
0.276916
0.305085
0.400614
0.403410
0.287426
0.274222
0.242655
0.208154
0.312745
0.279712
0.387100
0.296606
0.131095
0.273078
0.265751
0.277987
0.288185
0.307739
0.205466
0.439592
0.308629
0.288901
0.216149
0.299548
0.420020
0.423803
0.276408
0.301291
0.375409
0.291128
0.354673
0.215613
0.341335
0.228122
0.355002
0.377743
0.293725
0.393768
0.235469
0.221173
0.259976
0.285246
0.316555
0.337908
0.362567
0.355486
0.312572
0.298701
0.287851
0.339626
0.321239
0.344690
0.320991
0.317740
0.285689
0.240917
0.260027
0.405628
0.322765
0.380202
0.332323
0.302547
0.250565
0.379846
0.278034
0.209267
0.269873
0.302367
0.265723
0.301946
0.462428
0.455179
0.391881
0.292584
0.374019
0.264831
0.345086
0.246615
0.324399
0.288164
0.234261
0.258049
0.297248
0.259327
0.290726
0.171880
0.423716
0.357130
0.235427
0.358213
0.260681
0.259063
0.381190
0.507098
0.424479
0.258040
0.341979
0.325036
0.252616
0.300047
0.445259
0.307210
0.392305
0.389585
0.372118
0.503009
0.310861
0.287503
0.308507
0.290356
0.349786
0.276488
0.352679
0.271853
0.357987
0.334860
0.272912
0.403227
0.248053
0.345309
0.230604
0.324599
0.454804
0.278532
0.281902
0.314671
0.268333
0.430263
0.325007
0.287949
0.296770
0.263725
0.257194
0.344979
0.283200
0.255783
0.261437
0.346375
0.324844
0.472269
0.250783
0.223212
0.326759
0.262060
0.223020
0.256925
0.506656
0.305099
0.389137
0.212661
0.321759
0.339597
0.347836
0.358453
0.372464
0.324540
0.312934
0.283961
0.342389
0.254443
0.335732
0.350811
0.314680
0.314405
0.309317
0.235955
0.226271
0.327114
0.275802
0.301531
0.394538
0.240861
0.327270
0.407255
0.384077
0.303344
0.349390
0.374227
0.300890
0.264415
0.249908
0.289918
0.303898
0.324292
0.246353
0.349496
0.322819
0.382752
0.372801
0.310176
0.373006
0.289555
0.299536
0.272991
0.299550
0.226412
0.240923
0.416638
0.334597
0.270404
0.280647
0.273281
0.444380
0.340840
0.383764
0.329807
0.303151
0.310752
0.334719
0.324744
0.262629
0.298798
0.321609
0.268084
0.274871
0.366593
0.284854
0.475378
0.116683
0.246463
0.225678
0.152334
0.159159
0.134238
0.176960
0.186563
0.213174
0.137190
0.114794
0.132948
0.230383
0.148430
0.174574
0.211890
0.149535
0.165763
0.125624
0.075603
0.111814
0.127458
0.191023
0.186173
0.129130
0.163735
0.183914
0.115142
0.176524
0.159438
0.190382
0.113646
0.194627
0.159982
0.100637
0.185243
0.106169
0.138129
0.191125
0.148183
0.128530
0.172346
0.112161
0.185181
0.140646
0.109440
0.116501
0.162950
0.091000
0.091837
0.114686
0.143899
0.186601
0.106915
0.214813
0.137297
0.128778
0.109934
0.108912
0.095557
0.111806
0.076915
0.170989
0.217744
0.161570
0.254081
0.156460
0.110855
0.165383
0.163868
0.078845
0.161471
0.126367
0.118343
0.144267
0.114871
0.101644
0.122971
0.120588
0.168410
0.134345
0.102511
0.135944
0.264449
0.103104
0.131119
0.144956
0.197421
0.149959
0.113498
0.114837
0.192951
0.076730
0.179768
0.186790
0.129127
0.089308
0.135862
0.191131
0.147211
0.211054
0.141892
0.123755
0.228680
0.191554
0.082820
0.128940
0.132743
0.177010
0.139357
0.136694
0.151462
0.134139
0.161784
0.166155
0.168350
0.100179
0.177240
0.089498
0.109979
0.106371
0.186799
0.190779
0.149690
0.152862
0.102883
0.101234
0.143457
0.151556
0.274501
0.137146
0.179330
0.163863
0.208016
0.116418
0.257158
0.145343
0.161528
0.216586
0.160343
0.208917
0.099739
0.110904
0.163841
0.175081
0.218930
0.174994
0.136922
0.151577
0.152557
0.160246
0.145711
0.140429
0.216086
0.201488
0.134747
0.188569
0.181288
0.264481
0.216417
0.147185
0.188565
0.200514
0.132251
0.194674
0.139853
0.209492
0.322036
0.179246
0.193424
0.164922
0.227036
0.112992
0.215999
0.120372
0.167471
0.164066
0.201230
0.177103
0.111262
0.165412
0.161524
0.176971
0.139058
0.182120
0.214327
0.118913
0.209135
0.176564
0.133338
0.135942
0.191515
0.110293
0.221385
0.220249
0.263788
0.289781
0.091120
0.161323
0.289912
0.201444
0.318951
0.276367
0.190188
0.126291
0.088967
0.174367
0.121776
0.217958
0.312088
0.171190
0.130761
0.151751
0.218542
0.175954
0.229381
0.209958
0.202732
0.202424
0.234913
0.201509
0.212869
0.175437
0.226305
0.154981
0.143152
0.108033
0.211813
0.215019
0.216871
0.146422
0.152581
0.237762
0.216455
0.178015
0.201355
0.106819
0.225179
0.129587
0.186607
0.225034
0.253812
0.168215
0.265418
0.203036
0.108759
0.160835
0.245375
0.231248
0.165234
0.230139
0.154723
0.252635
0.225672
0.298758
0.189502
0.311431
0.287414
0.204918
0.233742
0.225042
0.218703
0.208752
0.155717
0.144781
0.177750
0.197776
0.200431
0.119792
0.239661
0.110098
0.243534
0.206259
0.238647
0.216698
0.257343
0.202001
0.333556
0.258062
0.167412
0.181781
0.281956
0.209800
0.165455
0.237725
0.265544
0.234376
0.278802
0.191274
0.247317
0.230352
0.306494
0.211907
0.151158
0.241240
0.205068
0.251693
0.268059
0.192217
0.264962
0.220135
0.219492
0.140071
0.306891
0.248806
0.251082
0.241238
0.224235
0.201799
0.228298
0.186519
0.276329
0.232473
0.280610
0.198028
0.261699
0.233559
0.206411
0.278406
0.278402
0.279304
0.361949
0.194180
0.182423
0.238746
0.204005
0.250480
0.229271
0.230442
0.217010
0.252860
0.250524
0.209799
0.137023
0.291302
0.285805
0.179171
0.318294
0.250080
0.241283
0.196528
0.251346
0.309733
0.243103
0.223039
0.268633
0.238964
0.242568
0.252752
0.302529
0.181469
0.246313
0.226428
0.170348
0.245789
0.323081
0.205583
0.229624
0.217478
0.404473
0.209311
0.229998
0.205759
0.155711
0.166039
0.246846
0.281868
0.187464
0.297175
0.236747
0.234920
0.241956
0.232234
0.132990
0.243736
0.192111
0.217579
0.155963
0.232155
0.341560
0.157749
0.233925
0.175408
0.240167
0.262642
0.230957
0.248221
0.197832
0.289848
0.230965
0.228053
0.182068
0.195138
0.148109
0.148641
0.120493
0.116298
0.135969
0.159210
0.100836
0.203541
0.075354
0.117931
0.099260
0.121037
0.149446
0.096418
0.140595
0.123076
0.098887
0.141606
0.067912
0.076644
0.170415
0.122770
0.100936
0.093242
0.105850
0.112013
0.045548
0.210962
0.197178
0.143605
0.107515
0.115374
0.062592
0.151793
0.110568
0.135887
0.094934
0.117906
0.164684
0.103315
0.112909
0.068919
0.196384
0.090526
0.069286
0.102706
0.136918
0.169599
0.075466
0.085812
0.087330
0.169905
0.091139
0.063387
0.153746
0.141262
0.100572
0.135771
0.117698
0.077520
0.050999
0.057865
0.128991
0.118644
0.058833
0.130607
0.100587
0.080729
0.116108
0.091007
0.058200
0.063255
0.089740
0.091764
0.066506
0.129836
0.098929
0.148893
0.122282
0.109196
0.130800
0.170362
0.142991
0.109497
0.070650
0.050013
0.094329
0.094087
0.124223
0.064070
0.088602
0.116945
0.112591
0.084282
0.070834
0.126277
0.084905
0.072208
0.082124
0.034192
0.084269
0.150724
0.090098
0.084031
0.080985
0.108125
0.108075
0.064916
0.136927
0.111126
0.087131
0.100161
0.079183
0.131650
0.067928
0.137089
0.090449
0.164280
0.098257
0.070825
0.180769
0.139869
0.089387
0.079957
0.106983
0.068204
0.087977
0.114722
0.178916
0.126483
0.101099
0.053234
0.106859
0.061694
0.125019
0.101544
0.064151
0.124004
0.105614
0.095382
0.071017
0.083861
0.119157
0.112199
0.115479
0.096839
0.188427
0.075164
0.128205
0.140550
0.088168
0.089586
0.123866
0.065299
0.098561
0.142628
0.145662
0.086165
0.054338
0.100272
0.098797
0.129461
0.135056
0.142701
0.188994
0.081027
0.080837
0.169726
0.166234
0.102622
0.139570
0.119012
0.134683
0.143360
0.091466
0.103368
0.103703
0.161635
0.177737
0.079151
0.116122
0.069411
0.165559
0.063891
0.106492
0.095480
0.112253
0.104271
0.189322
0.115037
0.137913
0.171974
0.098769
0.063359
0.129960
0.094632
0.159388
0.088943
0.256891
0.143150
0.165607
0.129750
0.098219
0.211463
0.149771
0.102856
0.121276
0.117779
0.125658
0.132419
0.144620
0.108693
0.183556
0.106383
0.219607
0.072983
0.173837
0.108945
0.098849
0.183160
0.145182
0.145245
0.096408
0.171109
0.125436
0.130867
0.154871
0.172890
0.184724
0.210377
0.111703
0.137681
0.149065
0.168083
0.092895
0.141418
0.092838
0.106310
0.151471
0.162926
0.191521
0.170383
0.090051
0.130660
0.109290
0.064636
0.089572
0.132091
0.235876
0.117163
0.132905
0.149168
0.262601
0.196064
0.168418
0.114813
0.176378
0.156275
0.229789
0.094435
0.105547
0.157243
0.174668
0.162230
0.102681
0.143757
0.112249
0.206388
0.137462
0.229992
0.145794
0.127479
0.151261
0.151389
0.186281
0.179094
0.115283
0.115936
0.165871
0.121498
0.147407
0.098643
0.096329
0.132615
0.136784
0.132373
0.099557
0.191533
0.083987
0.054272
0.128401
0.128215
0.192537
0.171186
0.215585
0.188499
0.125163
0.179156
0.143299
0.151437
0.165575
0.145134
0.114937
0.156808
0.085296
0.126075
0.090631
0.139895
0.108189
0.167133
0.214117
0.155705
0.157743
0.169825
0.224870
0.215572
0.169286
0.199973
0.119683
0.124816
0.171487
0.226699
0.122627
0.200252
0.220385
0.206192
0.140789
0.182571
0.178129
0.148586
0.155888
0.220008
0.250090
0.129092
0.229630
0.132791
0.100617
0.192170
0.197399
0.149147
0.106407
0.258099
0.222387
0.164128
0.157704
0.125067
0.181956
0.098701
0.137289
0.187301
0.204790
0.188668
0.109460
0.096392
0.209290
0.182349
0.257639
0.105565
0.231785
0.155139
0.242486
0.177540
0.148980
0.157028
0.192657
0.154869
0.213268
0.123024
0.166256
0.159319
0.182395
0.167645
0.249421
0.177573
0.151394
0.121508
0.147992
0.151766
0.137979
0.255749
0.169100
0.197307
0.190051
0.139881
0.196214
0.147106
0.148445
0.364084
0.156725
0.104351
0.080995
0.103933
0.122314
0.101811
0.080714
0.133668
0.072341
0.060692
0.090680
0.098798
0.069881
0.068455
0.097264
0.089321
0.090477
0.099459
0.099548
0.139868
0.096275
0.053694
0.096395
0.060013
0.081917
0.111066
0.070812
0.079783
0.090186
0.089272
0.065894
0.051130
0.083732
0.062217
0.076636
0.076489
0.064701
0.038761
0.064206
0.064308
0.036452
0.082042
0.097371
0.109507
0.092573
0.059404
0.063933
0.067695
0.075080
0.058678
0.034722
0.128649
0.042254
0.101193
0.046611
0.069585
0.048704
0.022456
0.083707
0.043579
0.055882
0.069875
0.153237
0.077312
0.039187
0.025934
0.085255
0.063745
0.052055
0.026867
0.076444
0.088924
0.079917
0.075887
0.081380
0.110798
0.036209
0.083164
0.062002
0.087638
0.049034
0.056247
0.091708
0.093868
0.061944
0.057899
0.042067
0.025793
0.105238
0.093895
0.090827
0.136395
0.125162
0.077397
0.051378
0.064613
0.046657
0.072021
0.058495
0.065775
0.098863
0.054070
0.047634
0.128679
0.073591
0.044625
0.085043
0.072831
0.070868
0.032634
0.062451
0.051926
0.055190
0.096093
0.098386
0.145323
0.087656
0.096097
0.114414
0.134179
0.082990
0.078105
0.098076
0.127498
0.109836
0.131332
0.090764
0.091606
0.109988
0.084688
0.117754
0.128423
0.134934
0.089209
0.110520
0.064043
0.091199
0.086661
0.055743
0.084743
0.084358
0.096258
0.051163
0.103924
0.110972
0.162815
0.067772
0.058724
0.067911
0.052546
0.065077
0.153055
0.077469
0.144390
0.085871
0.061656
0.074243
0.105480
0.117680
0.065192
0.118164
0.065121
0.107719
0.084529
0.103309
0.125675
0.109395
0.115761
0.093643
0.067926
0.082179
0.087000
0.123488
0.072129
0.104422
0.118151
0.129860
0.060435
0.097611
0.114752
0.063651
0.069826
0.081280
0.084642
0.083894
0.036952
0.058030
0.126255
0.071705
0.117540
0.080239
0.093649
0.105177
0.054975
0.108924
0.124173
0.084398
0.188903
0.038129
0.042602
0.133726
0.040471
0.112491
0.085322
0.132968
0.098140
0.088563
0.060428
0.118598
0.100977
0.105072
0.105755
0.109253
0.098987
0.081437
0.154991
0.094518
0.097123
0.109342
0.085200
0.067223
0.079673
0.093786
0.133753
0.154352
0.071061
0.151590
0.077936
0.075974
0.115036
0.069286
0.121263
0.111742
0.083212
0.082620
0.124228
0.095572
0.116782
0.129261
0.110165
0.099033
0.155205
0.102937
0.105985
0.146650
0.162135
0.077028
0.114128
0.071693
0.088951
0.086711
0.115080
0.182886
0.101256
0.164395
0.078607
0.191638
0.081392
0.087849
0.130879
0.128418
0.174372
0.165175
0.106799
0.069947
0.145610
0.128820
0.181352
0.101013
0.136983
0.123428
0.078382
0.101880
0.166818
0.109445
0.150084
0.052252
0.145479
0.163608
0.111750
0.091315
0.078495
0.171417
0.104839
0.123053
0.096608
0.096238
0.091814
0.159051
0.120301
0.198791
0.151160
0.102869
0.183041
0.174912
0.128084
0.106245
0.089992
0.074443
0.164134
0.078907
0.091459
0.117687
0.158440
0.085512
0.114755
0.137992
0.184673
0.118177
0.149002
0.120432
0.051314
0.076963
0.163388
0.120358
0.220300
0.239819
0.076363
0.141116
0.089641
0.134741
0.136972
0.111315
0.122016
0.148444
0.164250
0.126075
0.136597
0.168029
0.111689
0.072954
0.136805
0.130004
0.193781
0.182861
0.152332
0.137014
0.150573
0.098809
0.190389
0.101804
0.147033
0.113309
0.180732
0.133182
0.107275
0.128983
0.081636
0.112266
0.140938
0.074348
0.107707
0.190464
0.096334
0.123814
0.117678
0.165678
0.066696
0.101197
0.142049
0.138382
0.104368
0.147100
0.135655
0.136015
0.085163
0.089991
0.115032
0.120109
0.184751
0.143359
0.178731
0.063310
0.119181
0.091133
0.168111
0.101788
0.184880
0.099625
0.188014
0.164610
0.167426
0.142340
0.138278
0.164820
0.128796
0.113603
0.114310
0.139113
0.161639
0.090101
0.101034
